pp	condition	speed	wheelangle	yposition	deviation	accel	break	xposition	block	condtime	time
C2D23	prac_none_none	0.0	0.0	-2.506	-0.006	0.0	0.0	1.0	0	0.0	52.963
C2D23	prac_none_none	84.165	0.0	-2.494	0.006	0.0	0.0	-2.828	0	0.162	53.125
C2D23	prac_none_none	84.059	0.0	-2.493	0.007	0.0	0.0	-3.319	0	0.183	53.146
C2D23	prac_none_none	83.951	0.0	-2.492	0.008	0.0	0.0	-3.816	0	0.204	53.167
C2D23	prac_none_none	83.867	0.0	-2.491	0.009	0.0	0.0	-4.206	0	0.221	53.184
C2D23	prac_none_none	83.781	0.0	-2.491	0.009	0.0	0.0	-4.605	0	0.238	53.201
C2D23	prac_none_none	83.675	0.0	-2.491	0.009	0.0	0.0	-5.094	0	0.259	53.222
C2D23	prac_none_none	83.606	0.0	-2.49	0.01	0.0	0.0	-5.412	0	0.272	53.236
C2D23	prac_none_none	83.506	0.0	-2.49	0.01	0.0	0.0	-5.875	0	0.293	53.256
C2D23	prac_none_none	83.436	0.0	-2.49	0.01	0.0	0.0	-6.196	0	0.306	53.27
C2D23	prac_none_none	83.364	0.0	-2.49	0.01	0.0	0.0	-6.531	0	0.321	53.284
C2D23	prac_none_none	83.279	0.0	-2.49	0.01	0.0	0.0	-6.923	0	0.338	53.301
C2D23	prac_none_none	83.181	0.0	-2.49	0.01	0.0	0.0	-7.378	0	0.357	53.321
C2D23	prac_none_none	83.101	0.0	-2.49	0.01	0.0	0.0	-7.747	0	0.374	53.337
C2D23	prac_none_none	83.028	0.0	-2.49	0.01	0.0	0.0	-8.084	0	0.388	53.351
C2D23	prac_none_none	82.924	0.0	-2.49	0.01	0.0	0.0	-8.568	0	0.409	53.373
C2D23	prac_none_none	82.846	0.0	-2.49	0.01	0.0	0.0	-8.928	0	0.425	53.388
C2D23	prac_none_none	82.765	0.0	-2.49	0.01	0.0	0.0	-9.301	0	0.441	53.404
C2D23	prac_none_none	82.698	0.0	-2.49	0.01	0.0	0.0	-9.61	0	0.455	53.418
C2D23	prac_none_none	82.606	0.0	-2.49	0.01	0.0	0.0	-10.035	0	0.473	53.436
C2D23	prac_none_none	82.505	0.0	-2.49	0.01	0.0	0.0	-10.503	0	0.493	53.457
C2D23	prac_none_none	82.401	0.0	-2.49	0.01	0.0	0.0	-10.983	0	0.514	53.478
C2D23	prac_none_none	82.28	0.0	-2.49	0.01	0.0	0.0	-11.542	0	0.539	53.502
C2D23	prac_none_none	82.167	0.0	-2.49	0.01	0.0	0.0	-12.068	0	0.562	53.525
C2D23	prac_none_none	82.104	0.0	-2.49	0.01	0.0	0.0	-12.358	0	0.574	53.538
C2D23	prac_none_none	82.035	0.0	-2.491	0.009	0.0	0.0	-12.679	0	0.588	53.552
C2D23	prac_none_none	81.957	0.0	-2.491	0.009	0.0	0.0	-13.039	0	0.604	53.568
C2D23	prac_none_none	81.854	0.0	-2.491	0.009	0.0	0.0	-13.512	0	0.625	53.588
C2D23	prac_none_none	81.794	0.0	-2.491	0.009	0.0	0.0	-13.791	0	0.637	53.601
C2D23	prac_none_none	81.709	0.0	-2.491	0.009	0.0	0.0	-14.184	0	0.655	53.618
C2D23	prac_none_none	81.632	0.0	-2.491	0.009	0.0	0.0	-14.541	0	0.67	53.634
C2D23	prac_none_none	81.543	0.0	-2.492	0.008	0.0	0.0	-14.951	0	0.689	53.652
C2D23	prac_none_none	81.443	0.0	-2.492	0.008	0.0	0.0	-15.417	0	0.709	53.673
C2D23	prac_none_none	81.374	0.0	-2.492	0.008	0.0	0.0	-15.734	0	0.723	53.687
C2D23	prac_none_none	81.303	0.0	-2.492	0.008	0.0	0.0	-16.063	0	0.738	53.701
C2D23	prac_none_none	81.203	0.0	-2.493	0.007	0.0	0.0	-16.526	0	0.758	53.722
C2D23	prac_none_none	81.119	0.0	-2.493	0.007	0.0	0.0	-16.912	0	0.776	53.739
C2D23	prac_none_none	81.05	0.0	-2.493	0.007	0.0	0.0	-17.233	0	0.79	53.753
C2D23	prac_none_none	80.979	0.0	-2.493	0.007	0.0	0.0	-17.562	0	0.804	53.768
C2D23	prac_none_none	80.881	0.0	-2.494	0.006	0.0	0.0	-18.012	0	0.824	53.788
C2D23	prac_none_none	80.816	0.0	-2.494	0.006	0.0	0.0	-18.315	0	0.838	53.801
C2D23	prac_none_none	80.735	0.0	-2.494	0.006	0.0	0.0	-18.692	0	0.855	53.818
C2D23	prac_none_none	80.645	0.0	-2.495	0.005	0.0	0.0	-19.103	0	0.873	53.837
C2D23	prac_none_none	80.574	0.0	-2.495	0.005	0.0	0.0	-19.433	0	0.888	53.851
C2D23	prac_none_none	80.481	0.0	-2.495	0.005	0.0	0.0	-19.864	0	0.907	53.87
C2D23	prac_none_none	80.411	0.0	-2.496	0.004	0.0	0.0	-20.187	0	0.921	53.885
C2D23	prac_none_none	80.316	0.0	-2.496	0.004	0.0	0.0	-20.625	0	0.941	53.905
C2D23	prac_none_none	80.248	0.0	-2.496	0.004	0.0	0.0	-20.94	0	0.955	53.919
C2D23	prac_none_none	80.172	0.0	-2.497	0.003	0.0	0.0	-21.295	0	0.971	53.935
C2D23	prac_none_none	80.065	0.0	-2.497	0.003	0.0	0.0	-21.79	0	0.993	53.957
C2D23	prac_none_none	80.001	0.0	-2.498	0.002	0.0	0.0	-22.084	0	1.007	53.97
C2D23	prac_none_none	79.923	0.0	-2.498	0.002	0.0	0.0	-22.443	0	1.023	53.986
C2D23	prac_none_none	79.853	0.0	-2.499	0.001	0.0	0.0	-22.766	0	1.037	54.001
C2D23	prac_none_none	79.744	0.0	-2.499	0.001	0.0	0.0	-23.272	0	1.06	54.024
C2D23	prac_none_none	79.665	0.0	-2.5	0.0	0.0	0.0	-23.638	0	1.077	54.04
C2D23	prac_none_none	79.611	0.0	-2.5	0.0	0.0	0.0	-23.888	0	1.088	54.052
C2D23	prac_none_none	79.392	0.0	-2.501	-0.001	0.0	0.0	-24.897	0	1.134	54.097
C2D23	prac_none_none	79.281	0.0	-2.502	-0.002	0.0	0.0	-25.411	0	1.157	54.121
C2D23	prac_none_none	79.211	0.0	-2.503	-0.003	0.0	0.0	-25.734	0	1.172	54.135
C2D23	prac_none_none	79.079	0.0	-2.504	-0.004	0.0	0.0	-26.344	0	1.2	54.164
C2D23	prac_none_none	78.96	0.0	-2.504	-0.004	0.0	0.0	-26.895	0	1.225	54.188
C2D23	prac_none_none	78.824	0.0	-2.505	-0.005	0.0	0.0	-27.525	0	1.255	54.218
C2D23	prac_none_none	78.675	0.0	-2.507	-0.007	0.0	0.0	-28.212	0	1.285	54.249
C2D23	prac_none_none	78.544	0.0	-2.508	-0.008	0.0	0.0	-28.818	0	1.313	54.276
C2D23	prac_none_none	78.456	0.0	-2.509	-0.009	0.0	0.0	-29.225	0	1.332	54.295
C2D23	prac_none_none	78.294	0.0	-2.51	-0.01	1.0	0.0	-29.977	0	1.366	54.329
C2D23	prac_none_none	78.531	0.0	-2.511	-0.011	1.0	0.0	-30.485	0	1.389	54.352
C2D23	prac_none_none	78.656	0.0	-2.512	-0.012	1.0	0.0	-30.992	0	1.412	54.376
C2D23	prac_none_none	78.777	0.0	-2.513	-0.013	1.0	0.0	-31.509	0	1.436	54.399
C2D23	prac_none_none	78.918	0.0	-2.514	-0.014	1.0	0.0	-31.958	0	1.456	54.42
C2D23	prac_none_none	79.014	0.0	-2.515	-0.015	1.0	0.0	-32.468	0	1.479	54.443
C2D23	prac_none_none	79.193	0.0	-2.516	-0.016	1.0	0.0	-32.717	0	1.49	54.454
C2D23	prac_none_none	79.197	0.0	-2.517	-0.017	1.0	0.0	-33.228	0	1.514	54.477
C2D23	prac_none_none	79.304	0.0	-2.518	-0.018	1.0	0.0	-33.813	0	1.54	54.504
C2D23	prac_none_none	79.479	0.0	-2.519	-0.019	1.0	0.0	-34.24	0	1.559	54.523
C2D23	prac_none_none	79.565	0.0	-2.521	-0.021	1.0	0.0	-34.744	0	1.582	54.546
C2D23	prac_none_none	79.687	0.0	-2.522	-0.022	1.0	0.0	-35.24	0	1.605	54.568
C2D23	prac_none_none	79.826	0.0	-2.523	-0.023	1.0	0.0	-35.64	0	1.623	54.586
C2D23	prac_none_none	79.928	0.0	-2.524	-0.024	1.0	0.0	-36.006	0	1.639	54.602
C2D23	prac_none_none	80.015	0.0	-2.525	-0.025	1.0	0.0	-36.369	0	1.655	54.619
C2D23	prac_none_none	80.061	0.0	-2.526	-0.026	1.0	0.0	-36.92	0	1.68	54.643
C2D23	prac_none_none	80.206	0.0	-2.528	-0.028	1.0	0.0	-37.403	0	1.701	54.665
C2D23	prac_none_none	80.309	0.0	-2.529	-0.029	1.0	0.0	-37.934	0	1.725	54.689
C2D23	prac_none_none	80.476	0.0	-2.53	-0.03	1.0	0.0	-38.27	0	1.74	54.704
C2D23	prac_none_none	80.518	0.0	-2.531	-0.031	1.0	0.0	-38.772	0	1.763	54.726
C2D23	prac_none_none	80.615	0.0	-2.533	-0.033	1.0	0.0	-39.369	0	1.789	54.752
C2D23	prac_none_none	80.798	0.0	-2.534	-0.034	1.0	0.0	-39.763	0	1.807	54.77
C2D23	prac_none_none	80.893	0.0	-2.535	-0.035	1.0	0.0	-40.139	0	1.823	54.787
C2D23	prac_none_none	80.379	0.0	-2.546	-0.046	1.0	0.0	-43.342	0	1.964	54.927
C2D23	prac_none_none	81.629	0.0	-2.548	-0.048	1.0	0.0	-44.109	0	1.999	54.963
C2D23	prac_none_none	81.754	0.0	-2.552	-0.052	1.0	0.0	-45.102	0	2.041	55.004
C2D23	prac_none_none	82.093	0.0	-2.553	-0.053	1.0	0.0	-45.561	0	2.061	55.024
C2D23	prac_none_none	82.224	0.0	-2.555	-0.055	1.0	0.0	-45.89	0	2.075	55.039
C2D23	prac_none_none	82.254	0.0	-2.556	-0.056	1.0	0.0	-46.424	0	2.099	55.062
C2D23	prac_none_none	82.406	0.0	-2.558	-0.058	1.0	0.0	-46.808	0	2.115	55.079
C2D23	prac_none_none	82.476	0.0	-2.56	-0.06	1.0	0.0	-47.266	0	2.135	55.098
C2D23	prac_none_none	82.574	0.0	-2.561	-0.061	1.0	0.0	-47.742	0	2.156	55.119
C2D23	prac_none_none	82.706	0.0	-2.563	-0.063	1.0	0.0	-48.098	0	2.171	55.135
C2D23	prac_none_none	81.986	0.0	-2.579	-0.079	1.0	0.0	-52.218	0	2.348	55.311
C2D23	prac_none_none	83.625	0.0	-2.581	-0.081	1.0	0.0	-52.853	0	2.375	55.338
C2D23	prac_none_none	83.788	-16.0	-2.583	-0.083	1.0	0.0	-53.369	0	2.397	55.36
C2D23	prac_none_none	83.943	-16.0	-2.585	-0.085	1.0	0.0	-53.682	0	2.41	55.373
C2D23	prac_none_none	84.0	-16.0	-2.586	-0.086	1.0	0.0	-54.048	0	2.426	55.389
C2D23	prac_none_none	84.071	-16.0	-2.588	-0.088	1.0	0.0	-54.447	0	2.443	55.406
C2D23	prac_none_none	84.169	-16.0	-2.589	-0.089	1.0	0.0	-54.788	0	2.457	55.421
C2D23	prac_none_none	84.232	-16.0	-2.59	-0.09	1.0	0.0	-55.179	0	2.474	55.437
C2D23	prac_none_none	84.313	-16.0	-2.591	-0.091	1.0	0.0	-55.582	0	2.491	55.455
C2D23	prac_none_none	84.367	-16.0	-2.592	-0.092	1.0	0.0	-56.13	0	2.515	55.478
C2D23	prac_none_none	84.516	-16.0	-2.593	-0.093	1.0	0.0	-56.532	0	2.532	55.495
C2D23	prac_none_none	84.324	-16.0	-2.596	-0.096	1.0	0.0	-58.227	0	2.603	55.567
C2D23	prac_none_none	84.935	-16.0	-2.597	-0.097	1.0	0.0	-58.742	0	2.625	55.588
C2D23	prac_none_none	85.057	-16.0	-2.597	-0.097	1.0	0.0	-59.189	0	2.644	55.607
C2D23	prac_none_none	84.334	-16.0	-2.599	-0.099	1.0	0.0	-63.483	0	2.823	55.786
C2D23	prac_none_none	86.037	-16.0	-2.599	-0.099	1.0	0.0	-63.934	0	2.841	55.805
C2D23	prac_none_none	86.079	-16.0	-2.598	-0.098	1.0	0.0	-64.618	0	2.87	55.833
C2D23	prac_none_none	86.271	-16.0	-2.598	-0.098	1.0	0.0	-65.062	0	2.888	55.852
C2D23	prac_none_none	86.335	-16.0	-2.597	-0.097	1.0	0.0	-65.629	0	2.912	55.875
C2D23	prac_none_none	86.45	-16.0	-2.596	-0.096	1.0	0.0	-66.194	0	2.935	55.899
C2D23	prac_none_none	86.61	-16.0	-2.595	-0.095	1.0	0.0	-66.551	0	2.95	55.914
C2D23	prac_none_none	86.6	-16.0	-2.593	-0.093	1.0	0.0	-67.287	0	2.981	55.944
C2D23	prac_none_none	86.79	-16.0	-2.592	-0.092	1.0	0.0	-67.831	0	3.003	55.966
C2D23	prac_none_none	86.848	-16.0	-2.589	-0.089	1.0	0.0	-68.613	0	3.035	55.999
C2D23	prac_none_none	87.078	-16.0	-2.587	-0.087	1.0	0.0	-69.053	0	3.053	56.017
C2D23	prac_none_none	87.132	-16.0	-2.584	-0.084	1.0	0.0	-69.655	0	3.078	56.042
C2D23	prac_none_none	87.303	-16.0	-2.582	-0.082	1.0	0.0	-70.017	0	3.093	56.057
C2D23	prac_none_none	87.344	-16.0	-2.579	-0.079	1.0	0.0	-70.525	0	3.114	56.077
C2D23	prac_none_none	87.48	-16.0	-2.577	-0.077	0.0	0.0	-70.867	0	3.128	56.091
C2D23	prac_none_none	87.384	-16.0	-2.574	-0.074	0.0	0.0	-71.31	0	3.146	56.11
C2D23	prac_none_none	87.314	-16.0	-2.572	-0.072	0.0	0.0	-71.636	0	3.16	56.123
C2D23	prac_none_none	87.24	-16.0	-2.569	-0.069	0.0	0.0	-71.979	0	3.174	56.137
C2D23	prac_none_none	87.108	-16.0	-2.564	-0.064	0.0	0.0	-72.589	0	3.199	56.162
C2D23	prac_none_none	87.044	-16.0	-2.562	-0.062	0.0	0.0	-72.884	0	3.211	56.175
C2D23	prac_none_none	86.967	-16.0	-2.558	-0.058	0.0	0.0	-73.237	0	3.226	56.189
C2D23	prac_none_none	86.893	-16.0	-2.555	-0.055	0.0	0.0	-73.58	0	3.24	56.203
C2D23	prac_none_none	86.774	-16.0	-2.55	-0.05	0.0	0.0	-74.133	0	3.264	56.227
C2D23	prac_none_none	86.661	-16.0	-2.544	-0.044	0.0	0.0	-74.654	0	3.285	56.248
C2D23	prac_none_none	86.592	-16.0	-2.54	-0.04	0.0	0.0	-74.972	0	3.298	56.261
C2D23	prac_none_none	86.461	-16.0	-2.533	-0.033	0.0	0.0	-75.578	0	3.323	56.287
C2D23	prac_none_none	86.368	-16.0	-2.528	-0.028	0.0	0.0	-76.006	0	3.341	56.304
C2D23	prac_none_none	86.213	-16.0	-2.519	-0.019	0.0	0.0	-76.725	0	3.372	56.336
C2D23	prac_none_none	86.115	-16.0	-2.513	-0.013	1.0	0.0	-77.176	0	3.39	56.353
C2D23	prac_none_none	86.236	-16.0	-2.508	-0.008	1.0	0.0	-77.497	0	3.403	56.367
C2D23	prac_none_none	86.241	-16.0	-2.5	0.0	1.0	0.0	-78.096	0	3.428	56.392
C2D23	prac_none_none	86.412	-16.0	-2.494	0.006	1.0	0.0	-78.471	0	3.444	56.407
C2D23	prac_none_none	86.485	-16.0	-2.488	0.012	1.0	0.0	-78.859	0	3.46	56.423
C2D23	prac_none_none	86.548	-16.0	-2.481	0.019	1.0	0.0	-79.318	0	3.48	56.443
C2D23	prac_none_none	86.681	-16.0	-2.476	0.024	1.0	0.0	-79.591	0	3.49	56.453
C2D23	prac_none_none	86.68	-16.0	-2.467	0.033	0.0	0.0	-80.125	0	3.513	56.476
C2D23	prac_none_none	86.562	-16.0	-2.458	0.042	0.0	0.0	-80.671	0	3.535	56.499
C2D23	prac_none_none	86.334	-16.0	-2.439	0.061	0.0	0.0	-81.72	0	3.582	56.546
C2D23	prac_none_none	86.122	-16.0	-2.421	0.079	0.0	0.0	-82.7	0	3.62	56.583
C2D23	prac_none_none	85.952	-16.0	-2.406	0.094	0.0	0.0	-83.484	0	3.653	56.616
C2D23	prac_none_none	85.795	-16.0	-2.392	0.108	0.0	0.0	-84.212	0	3.683	56.647
C2D23	prac_none_none	85.628	-16.0	-2.376	0.124	0.0	0.0	-84.983	0	3.716	56.679
C2D23	prac_none_none	85.541	-16.0	-2.368	0.132	0.0	0.0	-85.386	0	3.733	56.696
C2D23	prac_none_none	85.398	-16.0	-2.354	0.146	0.0	0.0	-86.044	0	3.76	56.724
C2D23	prac_none_none	85.286	-16.0	-2.342	0.158	0.0	0.0	-86.564	0	3.782	56.746
C2D23	prac_none_none	85.136	-16.0	-2.327	0.173	0.0	0.0	-87.257	0	3.812	56.775
C2D23	prac_none_none	85.049	-16.0	-2.318	0.182	0.0	0.0	-87.657	0	3.829	56.792
C2D23	prac_none_none	84.973	-16.0	-2.31	0.19	0.0	0.0	-88.01	0	3.843	56.807
C2D23	prac_none_none	84.817	-16.0	-2.293	0.207	0.0	0.0	-88.731	0	3.874	56.837
C2D23	prac_none_none	84.699	-16.0	-2.279	0.221	0.0	0.0	-89.273	0	3.897	56.861
C2D23	prac_none_none	84.629	-16.0	-2.271	0.229	0.0	0.0	-89.596	0	3.911	56.874
C2D23	prac_none_none	84.572	-16.0	-2.265	0.235	0.0	0.0	-89.861	0	3.922	56.885
C2D23	prac_none_none	84.482	-16.0	-2.254	0.246	0.0	0.0	-90.276	0	3.94	56.903
C2D23	prac_none_none	84.375	-16.0	-2.241	0.259	0.0	0.0	-90.77	0	3.961	56.924
C2D23	prac_none_none	84.317	-16.0	-2.233	0.267	0.0	0.0	-91.04	0	3.972	56.936
C2D23	prac_none_none	84.223	-16.0	-2.222	0.278	0.0	0.0	-91.473	0	3.991	56.954
C2D23	prac_none_none	84.121	-16.0	-2.208	0.292	0.0	0.0	-91.944	0	4.011	56.975
C2D23	prac_none_none	84.043	-16.0	-2.198	0.302	0.0	0.0	-92.305	0	4.027	56.99
C2D23	prac_none_none	83.975	-16.0	-2.189	0.311	0.0	0.0	-92.621	0	4.04	57.003
C2D23	prac_none_none	83.866	-16.0	-2.174	0.326	0.0	0.0	-93.124	0	4.062	57.025
C2D23	prac_none_none	83.793	-16.0	-2.164	0.336	0.0	0.0	-93.461	0	4.076	57.04
C2D23	prac_none_none	83.72	-16.0	-2.154	0.346	0.0	0.0	-93.797	0	4.091	57.054
C2D23	prac_none_none	83.64	-16.0	-2.142	0.358	0.0	0.0	-94.166	0	4.107	57.07
C2D23	prac_none_none	83.554	-16.0	-2.13	0.37	0.0	0.0	-94.566	0	4.124	57.087
C2D23	prac_none_none	83.454	-16.0	-2.115	0.385	0.0	0.0	-95.028	0	4.144	57.107
C2D23	prac_none_none	83.384	-16.0	-2.104	0.396	0.0	0.0	-95.349	0	4.158	57.121
C2D23	prac_none_none	83.302	-16.0	-2.092	0.408	0.0	0.0	-95.728	0	4.174	57.137
C2D23	prac_none_none	83.203	-16.0	-2.076	0.424	0.0	0.0	-96.186	0	4.194	57.157
C2D23	prac_none_none	83.135	-16.0	-2.066	0.434	0.0	0.0	-96.5	0	4.208	57.171
C2D23	prac_none_none	83.061	-16.0	-2.054	0.446	0.0	0.0	-96.845	0	4.222	57.186
C2D23	prac_none_none	82.973	-16.0	-2.04	0.46	0.0	0.0	-97.248	0	4.24	57.203
C2D23	prac_none_none	82.869	-16.0	-2.022	0.478	0.0	0.0	-97.729	0	4.261	57.224
C2D23	prac_none_none	82.787	-16.0	-2.009	0.491	0.0	0.0	-98.111	0	4.278	57.241
C2D23	prac_none_none	82.696	-16.0	-1.994	0.506	0.0	0.0	-98.528	0	4.296	57.259
C2D23	prac_none_none	82.63	-16.0	-1.983	0.517	0.0	0.0	-98.835	0	4.309	57.272
C2D23	prac_none_none	82.564	-16.0	-1.971	0.529	0.0	0.0	-99.141	0	4.322	57.286
C2D23	prac_none_none	82.478	-16.0	-1.957	0.543	0.0	0.0	-99.536	0	4.339	57.303
C2D23	prac_none_none	82.39	16.0	-1.942	0.558	0.0	0.0	-99.946	0	4.358	57.321
C2D23	prac_none_none	82.298	16.0	-1.926	0.574	0.0	0.0	-100.368	0	4.376	57.339
C2D23	prac_none_none	82.189	16.0	-1.908	0.592	0.0	0.0	-100.872	0	4.398	57.361
C2D23	prac_none_none	82.006	16.0	-1.877	0.623	0.0	0.0	-101.717	0	4.435	57.399
C2D23	prac_none_none	81.882	16.0	-1.856	0.644	0.0	0.0	-102.292	0	4.461	57.424
C2D23	prac_none_none	81.815	16.0	-1.844	0.656	0.0	0.0	-102.6	0	4.474	57.437
C2D23	prac_none_none	81.705	16.0	-1.826	0.674	0.0	0.0	-103.107	0	4.496	57.46
C2D23	prac_none_none	81.648	16.0	-1.817	0.683	0.0	0.0	-103.37	0	4.508	57.472
C2D23	prac_none_none	81.511	16.0	-1.795	0.705	0.0	0.0	-104.003	0	4.536	57.499
C2D23	prac_none_none	81.422	16.0	-1.78	0.72	0.0	0.0	-104.415	0	4.554	57.518
C2D23	prac_none_none	81.301	16.0	-1.761	0.739	0.0	0.0	-104.974	0	4.579	57.542
C2D23	prac_none_none	81.252	16.0	-1.753	0.747	0.0	0.0	-105.2	0	4.589	57.552
C2D23	prac_none_none	81.172	16.0	-1.741	0.759	0.0	0.0	-105.571	0	4.605	57.569
C2D23	prac_none_none	81.072	16.0	-1.725	0.775	0.0	0.0	-106.032	0	4.626	57.589
C2D23	prac_none_none	81.003	16.0	-1.715	0.785	0.0	0.0	-106.353	0	4.64	57.604
C2D23	prac_none_none	80.896	16.0	-1.699	0.801	0.0	0.0	-106.846	0	4.662	57.626
C2D23	prac_none_none	80.83	16.0	-1.689	0.811	0.0	0.0	-107.152	0	4.676	57.639
C2D23	prac_none_none	80.759	16.0	-1.678	0.822	0.0	0.0	-107.481	0	4.691	57.654
C2D23	prac_none_none	80.677	16.0	-1.667	0.833	0.0	0.0	-107.856	0	4.707	57.67
C2D23	prac_none_none	80.591	16.0	-1.654	0.846	0.0	0.0	-108.256	0	4.725	57.689
C2D23	prac_none_none	80.512	16.0	-1.643	0.857	0.0	0.0	-108.621	0	4.741	57.705
C2D23	prac_none_none	80.416	16.0	-1.63	0.87	0.0	0.0	-109.064	0	4.761	57.725
C2D23	prac_none_none	80.327	16.0	-1.618	0.882	0.0	0.0	-109.476	0	4.78	57.743
C2D23	prac_none_none	80.273	16.0	-1.611	0.889	0.0	0.0	-109.724	0	4.791	57.754
C2D23	prac_none_none	80.196	16.0	-1.6	0.9	0.0	0.0	-110.081	0	4.807	57.77
C2D23	prac_none_none	80.109	16.0	-1.589	0.911	1.0	0.0	-110.486	0	4.825	57.788
C2D23	prac_none_none	80.194	16.0	-1.576	0.924	1.0	0.0	-110.938	0	4.845	57.809
C2D23	prac_none_none	80.344	16.0	-1.57	0.93	1.0	0.0	-111.188	0	4.856	57.82
C2D23	prac_none_none	80.356	16.0	-1.557	0.943	1.0	0.0	-111.656	0	4.877	57.841
C2D23	prac_none_none	80.506	16.0	-1.55	0.95	1.0	0.0	-111.935	0	4.89	57.853
C2D23	prac_none_none	80.549	16.0	-1.54	0.96	1.0	0.0	-112.319	0	4.907	57.87
C2D23	prac_none_none	80.642	16.0	-1.53	0.97	1.0	0.0	-112.687	0	4.923	57.887
C2D23	prac_none_none	80.709	16.0	-1.519	0.981	1.0	0.0	-113.145	0	4.944	57.907
C2D23	prac_none_none	80.844	16.0	-1.511	0.989	1.0	0.0	-113.469	0	4.958	57.922
C2D23	prac_none_none	80.893	16.0	-1.5	1.0	1.0	0.0	-113.914	0	4.978	57.941
C2D23	prac_none_none	81.018	16.0	-1.492	1.008	1.0	0.0	-114.26	0	4.993	57.956
C2D23	prac_none_none	81.101	16.0	-1.484	1.016	1.0	0.0	-114.588	0	5.008	57.971
C2D23	prac_none_none	81.14	16.0	-1.473	1.027	1.0	0.0	-115.086	0	5.03	57.993
C2D23	prac_none_none	81.297	16.0	-1.466	1.034	1.0	0.0	-115.391	0	5.043	58.006
C2D23	prac_none_none	81.365	16.0	-1.459	1.041	1.0	0.0	-115.704	0	5.057	58.02
C2D23	prac_none_none	81.428	16.0	-1.452	1.048	1.0	0.0	-116.058	0	5.073	58.036
C2D23	prac_none_none	81.499	16.0	-1.443	1.057	1.0	0.0	-116.458	0	5.09	58.054
C2D23	prac_none_none	81.596	16.0	-1.435	1.065	1.0	0.0	-116.832	0	5.107	58.07
C2D23	prac_none_none	81.681	16.0	-1.428	1.072	1.0	0.0	-117.205	0	5.123	58.086
C2D23	prac_none_none	81.764	16.0	-1.42	1.08	1.0	0.0	-117.588	0	5.14	58.103
C2D23	prac_none_none	81.831	16.0	-1.411	1.089	1.0	0.0	-118.063	0	5.161	58.124
C2D23	prac_none_none	81.973	16.0	-1.405	1.095	1.0	0.0	-118.378	0	5.175	58.138
C2D23	prac_none_none	82.036	16.0	-1.399	1.101	1.0	0.0	-118.732	0	5.19	58.153
C2D23	prac_none_none	82.089	16.0	-1.39	1.11	1.0	0.0	-119.211	0	5.211	58.174
C2D23	prac_none_none	82.241	16.0	-1.386	1.114	1.0	0.0	-119.485	0	5.223	58.186
C2D23	prac_none_none	82.269	16.0	-1.378	1.122	1.0	0.0	-119.911	0	5.242	58.205
C2D23	prac_none_none	82.367	16.0	-1.372	1.128	1.0	0.0	-120.328	0	5.26	58.223
C2D23	prac_none_none	82.475	16.0	-1.366	1.134	1.0	0.0	-120.674	0	5.275	58.238
C2D23	prac_none_none	82.529	16.0	-1.359	1.141	1.0	0.0	-121.129	0	5.295	58.258
C2D23	prac_none_none	82.666	16.0	-1.355	1.145	1.0	0.0	-121.416	0	5.307	58.27
C2D23	prac_none_none	82.706	16.0	-1.349	1.151	1.0	0.0	-121.816	0	5.324	58.288
C2D23	prac_none_none	82.785	16.0	-1.343	1.157	1.0	0.0	-122.263	0	5.344	58.307
C2D23	prac_none_none	82.919	16.0	-1.339	1.161	1.0	0.0	-122.545	0	5.356	58.319
C2D23	prac_none_none	82.96	16.0	-1.334	1.166	1.0	0.0	-122.93	0	5.373	58.336
C2D23	prac_none_none	83.041	16.0	-1.329	1.171	1.0	0.0	-123.331	0	5.39	58.353
C2D23	prac_none_none	83.068	16.0	-1.32	1.18	1.0	0.0	-124.014	0	5.419	58.383
C2D23	prac_none_none	83.237	16.0	-1.313	1.187	1.0	0.0	-124.611	0	5.445	58.409
C2D23	prac_none_none	83.42	16.0	-1.309	1.191	1.0	0.0	-124.966	0	5.46	58.424
C2D23	prac_none_none	83.498	16.0	-1.305	1.195	1.0	0.0	-125.314	0	5.476	58.439
C2D23	prac_none_none	83.525	16.0	-1.299	1.201	1.0	0.0	-125.892	0	5.5	58.464
C2D23	prac_none_none	83.714	16.0	-1.297	1.203	1.0	0.0	-126.176	0	5.513	58.476
C2D23	prac_none_none	83.729	16.0	-1.292	1.208	1.0	0.0	-126.672	0	5.534	58.497
C2D23	prac_none_none	83.812	16.0	-1.287	1.213	1.0	0.0	-127.284	0	5.56	58.523
C2D23	prac_none_none	83.98	16.0	-1.283	1.217	1.0	0.0	-127.729	0	5.579	58.543
C2D23	prac_none_none	84.113	16.0	-1.281	1.219	1.0	0.0	-128.0	0	5.591	58.554
C2D23	prac_none_none	84.125	16.0	-1.277	1.223	1.0	0.0	-128.484	0	5.611	58.575
C2D23	prac_none_none	84.273	16.0	-1.275	1.225	1.0	0.0	-128.765	0	5.623	58.587
C2D23	prac_none_none	84.308	16.0	-1.273	1.227	1.0	0.0	-129.16	0	5.64	58.604
C2D23	prac_none_none	84.351	16.0	-1.269	1.231	1.0	0.0	-129.75	0	5.665	58.628
C2D23	prac_none_none	84.535	16.0	-1.268	1.232	1.0	0.0	-130.07	0	5.679	58.642
C2D23	prac_none_none	84.6	16.0	-1.266	1.234	1.0	0.0	-130.401	0	5.693	58.656
C2D23	prac_none_none	84.64	16.0	-1.264	1.236	1.0	0.0	-130.876	0	5.713	58.676
C2D23	prac_none_none	84.786	16.0	-1.263	1.237	1.0	0.0	-131.139	0	5.724	58.687
C2D23	prac_none_none	84.816	16.0	-1.261	1.239	1.0	0.0	-131.518	0	5.74	58.703
C2D23	prac_none_none	84.875	16.0	-1.26	1.24	1.0	0.0	-131.994	0	5.76	58.724
C2D23	prac_none_none	84.997	16.0	-1.259	1.241	1.0	0.0	-132.37	0	5.776	58.74
C2D23	prac_none_none	85.063	16.0	-1.258	1.242	1.0	0.0	-132.805	0	5.794	58.758
C2D23	prac_none_none	85.158	16.0	-1.258	1.242	1.0	0.0	-133.226	0	5.812	58.776
C2D23	prac_none_none	85.281	16.0	-1.257	1.243	1.0	0.0	-133.485	0	5.823	58.786
C2D23	prac_none_none	85.293	16.0	-1.257	1.243	1.0	0.0	-133.939	0	5.842	58.806
C2D23	prac_none_none	85.394	16.0	-1.257	1.243	1.0	0.0	-134.364	0	5.86	58.823
C2D23	prac_none_none	85.479	16.0	-1.258	1.242	1.0	0.0	-134.804	0	5.879	58.842
C2D23	prac_none_none	85.604	16.0	-1.258	1.242	1.0	0.0	-135.089	0	5.891	58.854
C2D23	prac_none_none	85.623	16.0	-1.259	1.241	1.0	0.0	-135.557	0	5.91	58.874
C2D23	prac_none_none	85.73	16.0	-1.26	1.24	1.0	0.0	-135.978	0	5.928	58.891
C2D23	prac_none_none	85.845	16.0	-1.26	1.24	1.0	0.0	-136.27	0	5.94	58.903
C2D23	prac_none_none	85.881	16.0	-1.262	1.238	1.0	0.0	-136.672	0	5.957	58.92
C2D23	prac_none_none	85.962	16.0	-1.263	1.237	1.0	0.0	-137.086	0	5.974	58.937
C2D23	prac_none_none	86.036	16.0	-1.265	1.235	1.0	0.0	-137.55	0	5.994	58.957
C2D23	prac_none_none	86.149	16.0	-1.267	1.233	1.0	0.0	-137.931	0	6.009	58.973
C2D23	prac_none_none	86.232	16.0	-1.269	1.231	1.0	0.0	-138.287	0	6.024	58.988
C2D23	prac_none_none	86.287	16.0	-1.271	1.229	1.0	0.0	-138.726	0	6.042	59.006
C2D23	prac_none_none	86.386	16.0	-1.274	1.226	1.0	0.0	-139.12	0	6.059	59.022
C2D23	prac_none_none	86.47	16.0	-1.276	1.224	1.0	0.0	-139.494	0	6.074	59.038
C2D23	prac_none_none	86.541	16.0	-1.279	1.221	1.0	0.0	-139.889	0	6.091	59.054
C2D23	prac_none_none	86.597	16.0	-1.283	1.217	1.0	0.0	-140.396	0	6.112	59.075
C2D23	prac_none_none	86.724	16.0	-1.286	1.214	1.0	0.0	-140.79	0	6.128	59.091
C2D23	prac_none_none	86.805	16.0	-1.29	1.21	1.0	0.0	-141.176	0	6.144	59.108
C2D23	prac_none_none	86.867	16.0	-1.294	1.206	0.0	0.0	-141.634	0	6.165	59.128
C2D23	prac_none_none	86.768	16.0	-1.299	1.201	0.0	0.0	-142.092	0	6.182	59.146
C2D23	prac_none_none	86.695	16.0	-1.302	1.198	0.0	0.0	-142.429	0	6.196	59.159
C2D23	prac_none_none	86.605	16.0	-1.307	1.193	0.0	0.0	-142.845	0	6.214	59.177
C2D23	prac_none_none	86.548	16.0	-1.31	1.19	0.0	0.0	-143.107	0	6.224	59.188
C2D23	prac_none_none	86.431	16.0	-1.316	1.184	0.0	0.0	-143.652	0	6.247	59.211
C2D23	prac_none_none	86.345	16.0	-1.321	1.179	0.0	0.0	-144.047	0	6.264	59.227
C2D23	prac_none_none	86.268	16.0	-1.325	1.175	0.0	0.0	-144.404	0	6.279	59.242
C2D23	prac_none_none	86.148	16.0	-1.332	1.168	0.0	0.0	-144.961	0	6.302	59.265
C2D23	prac_none_none	86.025	16.0	-1.339	1.161	0.0	0.0	-145.527	0	6.325	59.289
C2D23	prac_none_none	85.946	16.0	-1.343	1.157	0.0	0.0	-145.893	0	6.341	59.304
C2D23	prac_none_none	85.836	16.0	-1.349	1.151	0.0	0.0	-146.399	0	6.362	59.325
C2D23	prac_none_none	85.772	16.0	-1.353	1.147	0.0	0.0	-146.698	0	6.375	59.338
C2D23	prac_none_none	85.687	16.0	-1.358	1.142	0.0	0.0	-147.091	0	6.391	59.354
C2D23	prac_none_none	85.604	16.0	-1.363	1.137	0.0	0.0	-147.475	0	6.407	59.37
C2D23	prac_none_none	85.52	16.0	-1.368	1.132	0.0	0.0	-147.862	0	6.423	59.387
C2D23	prac_none_none	85.429	16.0	-1.373	1.127	0.0	0.0	-148.286	0	6.441	59.405
C2D23	prac_none_none	85.345	16.0	-1.378	1.122	0.0	0.0	-148.67	0	6.457	59.421
C2D23	prac_none_none	85.259	16.0	-1.384	1.116	0.0	0.0	-149.07	0	6.474	59.438
C2D23	prac_none_none	85.167	16.0	-1.389	1.111	0.0	0.0	-149.496	0	6.492	59.456
C2D23	prac_none_none	85.089	16.0	-1.394	1.106	0.0	0.0	-149.855	0	6.507	59.471
C2D23	prac_none_none	85.001	16.0	-1.399	1.101	0.0	0.0	-150.263	0	6.525	59.488
C2D23	prac_none_none	84.905	16.0	-1.405	1.095	0.0	0.0	-150.706	0	6.544	59.507
C2D23	prac_none_none	84.83	16.0	-1.41	1.09	0.0	0.0	-151.052	0	6.558	59.522
C2D23	prac_none_none	84.744	16.0	-1.415	1.085	0.0	0.0	-151.449	0	6.575	59.538
C2D23	prac_none_none	84.66	16.0	-1.42	1.08	0.0	0.0	-151.838	0	6.592	59.555
C2D23	prac_none_none	84.572	16.0	-1.426	1.074	0.0	0.0	-152.245	0	6.609	59.572
C2D23	prac_none_none	84.477	16.0	-1.431	1.069	0.0	0.0	-152.686	0	6.628	59.591
C2D23	prac_none_none	84.411	16.0	-1.436	1.064	0.0	0.0	-152.99	0	6.641	59.604
C2D23	prac_none_none	84.33	16.0	-1.441	1.059	0.0	0.0	-153.365	0	6.657	59.62
C2D23	prac_none_none	84.205	16.0	-1.448	1.052	0.0	0.0	-153.946	0	6.682	59.645
C2D23	prac_none_none	84.153	16.0	-1.452	1.048	0.0	0.0	-154.185	0	6.692	59.655
C2D23	prac_none_none	84.071	16.0	-1.457	1.043	0.0	0.0	-154.566	0	6.708	59.671
C2D23	prac_none_none	83.99	16.0	-1.462	1.038	0.0	0.0	-154.939	0	6.724	59.688
C2D23	prac_none_none	83.88	16.0	-1.469	1.031	0.0	0.0	-155.447	0	6.746	59.71
C2D23	prac_none_none	83.822	16.0	-1.473	1.027	0.0	0.0	-155.716	0	6.757	59.721
C2D23	prac_none_none	83.737	16.0	-1.478	1.022	0.0	0.0	-156.108	0	6.774	59.738
C2D23	prac_none_none	83.631	16.0	-1.485	1.015	0.0	0.0	-156.597	0	6.795	59.759
C2D23	prac_none_none	83.567	16.0	-1.489	1.011	0.0	0.0	-156.893	0	6.808	59.772
C2D23	prac_none_none	83.469	16.0	-1.495	1.005	0.0	0.0	-157.35	0	6.828	59.791
C2D23	prac_none_none	83.4	16.0	-1.5	1.0	0.0	0.0	-157.669	0	6.842	59.805
C2D23	prac_none_none	83.303	16.0	-1.506	0.994	0.0	0.0	-158.115	0	6.861	59.824
C2D23	prac_none_none	83.227	16.0	-1.511	0.989	0.0	0.0	-158.466	0	6.876	59.839
C2D23	prac_none_none	83.133	16.0	-1.517	0.983	0.0	0.0	-158.901	0	6.895	59.858
C2D23	prac_none_none	83.065	16.0	-1.522	0.978	0.0	0.0	-159.215	0	6.908	59.872
C2D23	prac_none_none	82.983	16.0	-1.527	0.973	0.0	0.0	-159.594	0	6.925	59.888
C2D23	prac_none_none	82.9	16.0	-1.532	0.968	0.0	0.0	-159.981	0	6.942	59.905
C2D23	prac_none_none	82.801	16.0	-1.539	0.961	0.0	0.0	-160.437	0	6.962	59.925
C2D23	prac_none_none	82.735	16.0	-1.543	0.957	0.0	0.0	-160.742	0	6.975	59.938
C2D23	prac_none_none	82.651	16.0	-1.549	0.951	0.0	0.0	-161.13	0	6.992	59.955
C2D23	prac_none_none	82.571	16.0	-1.554	0.946	0.0	0.0	-161.5	0	7.008	59.971
C2D23	prac_none_none	82.492	16.0	-1.559	0.941	0.0	0.0	-161.865	0	7.024	59.987
C2D23	prac_none_none	82.394	16.0	-1.566	0.934	0.0	0.0	-162.318	0	7.044	60.007
C2D23	prac_none_none	82.319	16.0	-1.571	0.929	0.0	0.0	-162.664	0	7.059	60.022
C2D23	prac_none_none	82.2	16.0	-1.579	0.921	0.0	0.0	-163.214	0	7.083	60.046
C2D23	prac_none_none	82.113	16.0	-1.585	0.915	0.0	0.0	-163.619	0	7.101	60.064
C2D23	prac_none_none	81.975	16.0	-1.594	0.906	0.0	0.0	-164.257	0	7.129	60.092
