pp	condition	id	speed	xposition	distance	block	condtime	time
C2D23	prac_none_none	12	100.0	10.275	11.275	0	0.0	52.964
C2D23	prac_none_none	12	100.0	14.507	11.679	0	0.162	53.125
C2D23	prac_none_none	12	100.0	15.051	11.732	0	0.183	53.146
C2D23	prac_none_none	12	100.0	15.602	11.786	0	0.204	53.167
C2D23	prac_none_none	12	100.0	16.035	11.829	0	0.221	53.184
C2D23	prac_none_none	12	100.0	16.478	11.873	0	0.238	53.201
C2D23	prac_none_none	12	100.0	17.021	11.928	0	0.259	53.222
C2D23	prac_none_none	12	100.0	17.376	11.964	0	0.272	53.236
C2D23	prac_none_none	12	100.0	17.892	12.017	0	0.293	53.256
C2D23	prac_none_none	12	100.0	18.25	12.054	0	0.306	53.27
C2D23	prac_none_none	12	100.0	18.624	12.093	0	0.321	53.284
C2D23	prac_none_none	12	100.0	19.062	12.139	0	0.338	53.301
C2D23	prac_none_none	12	100.0	19.572	12.193	0	0.357	53.321
C2D23	prac_none_none	12	100.0	19.985	12.237	0	0.374	53.337
C2D23	prac_none_none	12	100.0	20.363	12.278	0	0.388	53.351
C2D23	prac_none_none	12	100.0	20.906	12.337	0	0.409	53.373
C2D23	prac_none_none	12	100.0	21.31	12.382	0	0.425	53.388
C2D23	prac_none_none	12	100.0	21.729	12.428	0	0.441	53.404
C2D23	prac_none_none	12	100.0	22.077	12.467	0	0.455	53.418
C2D23	prac_none_none	12	100.0	22.556	12.521	0	0.473	53.436
C2D23	prac_none_none	12	100.0	23.084	12.581	0	0.493	53.457
C2D23	prac_none_none	12	100.0	23.625	12.643	0	0.515	53.478
C2D23	prac_none_none	12	100.0	24.259	12.716	0	0.539	53.502
C2D23	prac_none_none	12	100.0	24.854	12.786	0	0.562	53.525
C2D23	prac_none_none	12	100.0	25.182	12.825	0	0.574	53.538
C2D23	prac_none_none	12	100.0	25.547	12.868	0	0.589	53.552
C2D23	prac_none_none	12	100.0	25.956	12.917	0	0.604	53.568
C2D23	prac_none_none	12	100.0	26.494	12.981	0	0.625	53.589
C2D23	prac_none_none	12	100.0	26.811	13.02	0	0.637	53.601
C2D23	prac_none_none	12	100.0	27.258	13.074	0	0.655	53.618
C2D23	prac_none_none	12	100.0	27.666	13.125	0	0.67	53.634
C2D23	prac_none_none	12	100.0	28.133	13.182	0	0.689	53.652
C2D23	prac_none_none	12	100.0	28.666	13.249	0	0.709	53.673
C2D23	prac_none_none	12	100.0	29.029	13.295	0	0.723	53.687
C2D23	prac_none_none	12	100.0	29.405	13.342	0	0.738	53.701
C2D23	prac_none_none	12	100.0	29.936	13.41	0	0.758	53.722
C2D23	prac_none_none	12	100.0	30.379	13.467	0	0.776	53.739
C2D23	prac_none_none	12	100.0	30.747	13.514	0	0.79	53.753
C2D23	prac_none_none	12	100.0	31.125	13.563	0	0.804	53.768
C2D23	prac_none_none	12	100.0	31.644	13.631	0	0.824	53.788
C2D23	prac_none_none	12	100.0	31.993	13.677	0	0.838	53.801
C2D23	prac_none_none	12	100.0	32.426	13.735	0	0.855	53.818
C2D23	prac_none_none	12	100.0	32.902	13.798	0	0.873	53.837
C2D23	prac_none_none	12	100.0	33.282	13.849	0	0.888	53.851
C2D23	prac_none_none	12	100.0	33.78	13.917	0	0.907	53.87
C2D23	prac_none_none	12	100.0	34.155	13.967	0	0.921	53.885
C2D23	prac_none_none	12	100.0	34.662	14.037	0	0.941	53.905
C2D23	prac_none_none	12	100.0	35.027	14.087	0	0.955	53.919
C2D23	prac_none_none	12	100.0	35.44	14.144	0	0.971	53.935
C2D23	prac_none_none	12	100.0	36.015	14.225	0	0.993	53.957
C2D23	prac_none_none	12	100.0	36.357	14.273	0	1.007	53.97
C2D23	prac_none_none	12	100.0	36.774	14.332	0	1.023	53.987
C2D23	prac_none_none	12	100.0	37.152	14.385	0	1.037	54.001
C2D23	prac_none_none	12	100.0	37.742	14.47	0	1.061	54.024
C2D23	prac_none_none	12	100.0	38.169	14.531	0	1.077	54.04
C2D23	prac_none_none	12	100.0	38.462	14.574	0	1.088	54.052
C2D23	prac_none_none	12	100.0	39.645	14.748	0	1.134	54.098
C2D23	prac_none_none	12	100.0	40.247	14.837	0	1.157	54.121
C2D23	prac_none_none	12	100.0	40.627	14.893	0	1.172	54.136
C2D23	prac_none_none	12	100.0	41.345	15.001	0	1.2	54.164
C2D23	prac_none_none	12	100.0	41.995	15.1	0	1.225	54.188
C2D23	prac_none_none	12	100.0	42.738	15.214	0	1.255	54.218
C2D23	prac_none_none	12	100.0	43.552	15.339	0	1.285	54.249
C2D23	prac_none_none	12	100.0	44.27	15.451	0	1.313	54.276
C2D23	prac_none_none	12	100.0	44.753	15.527	0	1.332	54.295
C2D23	prac_none_none	12	100.0	45.641	15.664	0	1.366	54.33
C2D23	prac_none_none	12	100.0	46.241	15.756	0	1.389	54.352
C2D23	prac_none_none	12	100.0	46.838	15.847	0	1.412	54.376
C2D23	prac_none_none	12	100.0	47.447	15.938	0	1.436	54.399
C2D23	prac_none_none	12	100.0	47.975	16.017	0	1.456	54.42
C2D23	prac_none_none	12	100.0	48.573	16.105	0	1.479	54.443
C2D23	prac_none_none	12	100.0	48.866	16.149	0	1.491	54.454
C2D23	prac_none_none	12	100.0	49.464	16.236	0	1.514	54.477
C2D23	prac_none_none	12	100.0	50.148	16.335	0	1.54	54.504
C2D23	prac_none_none	12	100.0	50.646	16.406	0	1.559	54.523
C2D23	prac_none_none	12	100.0	51.233	16.489	0	1.582	54.546
C2D23	prac_none_none	12	100.0	51.811	16.571	0	1.605	54.568
C2D23	prac_none_none	12	100.0	52.276	16.636	0	1.623	54.586
C2D23	prac_none_none	12	100.0	52.701	16.695	0	1.639	54.602
C2D23	prac_none_none	12	100.0	53.122	16.753	0	1.655	54.619
C2D23	prac_none_none	12	100.0	53.76	16.84	0	1.68	54.643
C2D23	prac_none_none	12	100.0	54.318	16.915	0	1.701	54.665
C2D23	prac_none_none	12	100.0	54.932	16.998	0	1.725	54.689
C2D23	prac_none_none	12	100.0	55.319	17.049	0	1.74	54.704
C2D23	prac_none_none	12	100.0	55.898	17.125	0	1.763	54.726
C2D23	prac_none_none	12	100.0	56.583	17.215	0	1.789	54.752
C2D23	prac_none_none	12	100.0	57.036	17.273	0	1.807	54.77
C2D23	prac_none_none	12	100.0	57.468	17.329	0	1.823	54.787
C2D23	prac_none_none	12	100.0	61.097	17.755	0	1.964	54.927
C2D23	prac_none_none	12	100.0	61.967	17.858	0	1.999	54.963
C2D23	prac_none_none	12	100.0	63.089	17.988	0	2.041	55.004
C2D23	prac_none_none	12	100.0	63.608	18.047	0	2.061	55.024
C2D23	prac_none_none	12	100.0	63.979	18.09	0	2.075	55.039
C2D23	prac_none_none	12	100.0	64.582	18.158	0	2.099	55.062
C2D23	prac_none_none	12	100.0	65.015	18.207	0	2.115	55.079
C2D23	prac_none_none	12	100.0	65.53	18.264	0	2.135	55.099
C2D23	prac_none_none	12	100.0	66.064	18.323	0	2.156	55.119
C2D23	prac_none_none	12	100.0	66.464	18.366	0	2.171	55.135
C2D23	prac_none_none	12	100.0	71.018	18.8	0	2.348	55.311
C2D23	prac_none_none	12	100.0	71.722	18.869	0	2.375	55.338
C2D23	prac_none_none	12	100.0	72.293	18.924	0	2.397	55.36
C2D23	prac_none_none	12	100.0	72.64	18.957	0	2.41	55.374
C2D23	prac_none_none	12	100.0	73.043	18.996	0	2.426	55.389
C2D23	prac_none_none	12	100.0	73.484	19.037	0	2.443	55.406
C2D23	prac_none_none	12	100.0	73.86	19.073	0	2.458	55.421
C2D23	prac_none_none	12	100.0	74.291	19.113	0	2.474	55.437
C2D23	prac_none_none	12	100.0	74.735	19.153	0	2.491	55.455
C2D23	prac_none_none	12	100.0	75.338	19.208	0	2.515	55.478
C2D23	prac_none_none	12	100.0	75.779	19.247	0	2.532	55.495
C2D23	prac_none_none	12	100.0	77.63	19.403	0	2.604	55.567
C2D23	prac_none_none	12	100.0	78.192	19.451	0	2.625	55.589
C2D23	prac_none_none	12	100.0	78.68	19.491	0	2.644	55.607
C2D23	prac_none_none	12	100.0	83.296	19.813	0	2.823	55.786
C2D23	prac_none_none	12	100.0	83.783	19.849	0	2.841	55.805
C2D23	prac_none_none	12	100.0	84.519	19.901	0	2.87	55.833
C2D23	prac_none_none	12	100.0	84.997	19.935	0	2.888	55.852
C2D23	prac_none_none	12	100.0	85.606	19.977	0	2.912	55.875
C2D23	prac_none_none	12	100.0	86.212	20.018	0	2.935	55.899
C2D23	prac_none_none	12	100.0	86.594	20.044	0	2.95	55.914
C2D23	prac_none_none	12	100.0	87.382	20.095	0	2.981	55.944
C2D23	prac_none_none	12	100.0	87.963	20.133	0	3.003	55.966
C2D23	prac_none_none	12	100.0	88.798	20.185	0	3.035	55.999
C2D23	prac_none_none	12	100.0	89.267	20.214	0	3.053	56.017
C2D23	prac_none_none	12	100.0	89.907	20.253	0	3.078	56.042
C2D23	prac_none_none	12	100.0	90.292	20.276	0	3.093	56.057
C2D23	prac_none_none	12	100.0	90.832	20.307	0	3.114	56.077
C2D23	prac_none_none	12	100.0	91.196	20.329	0	3.128	56.091
C2D23	prac_none_none	12	100.0	91.668	20.358	0	3.146	56.11
C2D23	prac_none_none	12	100.0	92.016	20.38	0	3.16	56.123
C2D23	prac_none_none	12	100.0	92.382	20.402	0	3.174	56.137
C2D23	prac_none_none	12	100.0	93.033	20.444	0	3.199	56.162
C2D23	prac_none_none	12	100.0	93.349	20.465	0	3.211	56.175
C2D23	prac_none_none	12	100.0	93.726	20.489	0	3.226	56.189
C2D23	prac_none_none	12	100.0	94.094	20.514	0	3.24	56.203
C2D23	prac_none_none	12	100.0	94.687	20.554	0	3.264	56.227
C2D23	prac_none_none	12	100.0	95.247	20.593	0	3.285	56.248
C2D23	prac_none_none	12	100.0	95.588	20.616	0	3.298	56.261
C2D23	prac_none_none	12	100.0	96.241	20.663	0	3.323	56.287
C2D23	prac_none_none	12	100.0	96.701	20.696	0	3.341	56.305
C2D23	prac_none_none	12	100.0	97.478	20.753	0	3.373	56.336
C2D23	prac_none_none	12	100.0	97.965	20.788	0	3.39	56.353
C2D23	prac_none_none	12	100.0	98.31	20.813	0	3.403	56.367
C2D23	prac_none_none	12	100.0	98.954	20.858	0	3.428	56.392
C2D23	prac_none_none	12	100.0	99.357	20.886	0	3.444	56.407
C2D23	prac_none_none	12	100.0	99.773	20.915	0	3.46	56.423
C2D23	prac_none_none	12	100.0	100.266	20.948	0	3.48	56.443
C2D23	prac_none_none	12	100.0	100.559	20.968	0	3.49	56.454
C2D23	prac_none_none	12	100.0	101.132	21.007	0	3.513	56.476
C2D23	prac_none_none	12	100.0	101.72	21.048	0	3.535	56.499
C2D23	prac_none_none	12	100.0	102.851	21.13	0	3.582	56.546
C2D23	prac_none_none	12	100.0	103.909	21.21	0	3.62	56.583
C2D23	prac_none_none	12	100.0	104.759	21.275	0	3.653	56.616
C2D23	prac_none_none	12	100.0	105.549	21.337	0	3.683	56.647
C2D23	prac_none_none	12	100.0	106.387	21.404	0	3.716	56.679
C2D23	prac_none_none	12	100.0	106.825	21.439	0	3.733	56.696
C2D23	prac_none_none	12	100.0	107.542	21.499	0	3.761	56.724
C2D23	prac_none_none	12	100.0	108.11	21.546	0	3.783	56.746
C2D23	prac_none_none	12	100.0	108.868	21.611	0	3.812	56.775
C2D23	prac_none_none	12	100.0	109.305	21.649	0	3.829	56.792
C2D23	prac_none_none	12	100.0	109.693	21.683	0	3.843	56.807
C2D23	prac_none_none	12	100.0	110.483	21.753	0	3.874	56.837
C2D23	prac_none_none	12	100.0	111.08	21.807	0	3.897	56.861
C2D23	prac_none_none	12	100.0	111.435	21.839	0	3.911	56.874
C2D23	prac_none_none	12	100.0	111.727	21.866	0	3.922	56.885
C2D23	prac_none_none	12	100.0	112.184	21.908	0	3.94	56.903
C2D23	prac_none_none	12	100.0	112.729	21.959	0	3.961	56.925
C2D23	prac_none_none	12	100.0	113.028	21.987	0	3.972	56.936
C2D23	prac_none_none	12	100.0	113.506	22.033	0	3.991	56.954
C2D23	prac_none_none	12	100.0	114.027	22.083	0	4.011	56.975
C2D23	prac_none_none	12	100.0	114.427	22.122	0	4.027	56.99
C2D23	prac_none_none	12	100.0	114.778	22.156	0	4.04	57.003
C2D23	prac_none_none	12	100.0	115.336	22.212	0	4.062	57.025
C2D23	prac_none_none	12	100.0	115.711	22.249	0	4.076	57.04
C2D23	prac_none_none	12	100.0	116.084	22.287	0	4.091	57.054
C2D23	prac_none_none	12	100.0	116.495	22.329	0	4.107	57.07
C2D23	prac_none_none	12	100.0	116.94	22.374	0	4.124	57.087
C2D23	prac_none_none	12	100.0	117.456	22.428	0	4.144	57.107
C2D23	prac_none_none	12	100.0	117.814	22.465	0	4.158	57.121
C2D23	prac_none_none	12	100.0	118.238	22.51	0	4.174	57.137
C2D23	prac_none_none	12	100.0	118.75	22.565	0	4.194	57.157
C2D23	prac_none_none	12	100.0	119.103	22.602	0	4.208	57.171
C2D23	prac_none_none	12	100.0	119.49	22.644	0	4.222	57.186
C2D23	prac_none_none	12	100.0	119.942	22.694	0	4.24	57.203
C2D23	prac_none_none	12	100.0	120.482	22.753	0	4.261	57.224
C2D23	prac_none_none	12	100.0	120.912	22.801	0	4.278	57.241
C2D23	prac_none_none	12	100.0	121.381	22.853	0	4.296	57.259
C2D23	prac_none_none	12	100.0	121.728	22.892	0	4.309	57.272
C2D23	prac_none_none	12	100.0	122.073	22.932	0	4.322	57.286
C2D23	prac_none_none	12	100.0	122.518	22.982	0	4.339	57.303
C2D23	prac_none_none	12	100.0	122.982	23.036	0	4.358	57.321
C2D23	prac_none_none	12	100.0	123.46	23.092	0	4.376	57.339
C2D23	prac_none_none	12	100.0	124.031	23.159	0	4.398	57.361
C2D23	prac_none_none	12	100.0	124.99	23.273	0	4.435	57.399
C2D23	prac_none_none	12	100.0	125.645	23.352	0	4.461	57.424
C2D23	prac_none_none	12	100.0	125.994	23.395	0	4.474	57.438
C2D23	prac_none_none	12	100.0	126.573	23.466	0	4.496	57.46
C2D23	prac_none_none	12	100.0	126.873	23.503	0	4.508	57.472
C2D23	prac_none_none	12	100.0	127.596	23.593	0	4.536	57.499
C2D23	prac_none_none	12	100.0	128.067	23.652	0	4.554	57.518
C2D23	prac_none_none	12	100.0	128.707	23.733	0	4.579	57.542
C2D23	prac_none_none	12	100.0	128.966	23.766	0	4.589	57.552
C2D23	prac_none_none	12	100.0	129.392	23.821	0	4.605	57.569
C2D23	prac_none_none	12	100.0	129.921	23.889	0	4.626	57.589
C2D23	prac_none_none	12	100.0	130.291	23.937	0	4.64	57.604
C2D23	prac_none_none	12	100.0	130.858	24.012	0	4.662	57.626
C2D23	prac_none_none	12	100.0	131.211	24.058	0	4.676	57.639
C2D23	prac_none_none	12	100.0	131.59	24.109	0	4.691	57.654
C2D23	prac_none_none	12	100.0	132.022	24.166	0	4.707	57.671
C2D23	prac_none_none	12	100.0	132.484	24.228	0	4.725	57.689
C2D23	prac_none_none	12	100.0	132.907	24.286	0	4.741	57.705
C2D23	prac_none_none	12	100.0	133.42	24.356	0	4.761	57.725
C2D23	prac_none_none	12	100.0	133.897	24.421	0	4.78	57.743
C2D23	prac_none_none	12	100.0	134.185	24.461	0	4.791	57.754
C2D23	prac_none_none	12	100.0	134.599	24.518	0	4.807	57.77
C2D23	prac_none_none	12	100.0	135.069	24.582	0	4.825	57.788
C2D23	prac_none_none	12	100.0	135.591	24.654	0	4.845	57.809
C2D23	prac_none_none	12	100.0	135.88	24.693	0	4.856	57.82
C2D23	prac_none_none	12	100.0	136.421	24.765	0	4.877	57.841
C2D23	prac_none_none	12	100.0	136.744	24.808	0	4.89	57.853
C2D23	prac_none_none	12	100.0	137.186	24.867	0	4.907	57.87
C2D23	prac_none_none	12	100.0	137.61	24.923	0	4.923	57.887
C2D23	prac_none_none	12	100.0	138.136	24.991	0	4.944	57.907
