pp	condition	speed	wheelangle	yposition	deviation	accel	break	xposition	block	condtime	time
C2D23	simple_none	0.0	0.0	-2.503	-0.003	0.0	0.0	1.0	2	-1437662100.83	18.493
C2D23	simple_none	84.223	0.0	-2.503	-0.003	0.0	0.0	-2.564	2	-1437662100.68	18.644
C2D23	simple_none	84.102	0.0	-2.503	-0.003	0.0	0.0	-3.123	2	-1437662100.66	18.668
C2D23	simple_none	84.015	0.0	-2.504	-0.004	0.0	0.0	-3.527	2	-1437662100.64	18.686
C2D23	simple_none	83.94	0.0	-2.504	-0.004	0.0	0.0	-3.873	2	-1437662100.62	18.7
C2D23	simple_none	83.857	0.0	-2.505	-0.005	0.0	0.0	-4.258	2	-1437662100.61	18.717
C2D23	simple_none	83.775	0.0	-2.506	-0.006	0.0	0.0	-4.635	2	-1437662100.59	18.733
C2D23	simple_none	83.686	0.0	-2.507	-0.007	0.0	0.0	-5.047	2	-1437662100.57	18.751
C2D23	simple_none	83.605	0.0	-2.508	-0.008	0.0	0.0	-5.421	2	-1437662100.56	18.767
C2D23	simple_none	83.521	0.0	-2.509	-0.009	0.0	0.0	-5.812	2	-1437662100.54	18.784
C2D23	simple_none	83.433	0.0	-2.51	-0.01	0.0	0.0	-6.218	2	-1437662100.52	18.801
C2D23	simple_none	83.347	0.0	-2.511	-0.011	0.0	0.0	-6.613	2	-1437662100.51	18.818
C2D23	simple_none	83.255	0.0	-2.512	-0.012	0.0	0.0	-7.038	2	-1437662100.49	18.837
C2D23	simple_none	83.187	0.0	-2.513	-0.013	0.0	0.0	-7.354	2	-1437662100.47	18.851
C2D23	simple_none	83.101	0.0	-2.514	-0.014	0.0	0.0	-7.754	2	-1437662100.46	18.868
C2D23	simple_none	83.018	0.0	-2.516	-0.016	0.0	0.0	-8.137	2	-1437662100.44	18.884
C2D23	simple_none	82.919	0.0	-2.517	-0.017	0.0	0.0	-8.592	2	-1437662100.42	18.904
C2D23	simple_none	82.856	0.0	-2.518	-0.018	0.0	0.0	-8.885	2	-1437662100.41	18.917
C2D23	simple_none	82.769	0.0	-2.519	-0.019	0.0	0.0	-9.287	2	-1437662100.39	18.934
C2D23	simple_none	82.692	0.0	-2.52	-0.02	0.0	0.0	-9.643	2	-1437662100.37	18.95
C2D23	simple_none	82.61	0.0	-2.521	-0.021	0.0	0.0	-10.025	2	-1437662100.36	18.967
C2D23	simple_none	82.524	0.0	-2.523	-0.023	0.0	0.0	-10.421	2	-1437662100.34	18.984
C2D23	simple_none	82.426	0.0	-2.524	-0.024	0.0	0.0	-10.876	2	-1437662100.32	19.004
C2D23	simple_none	82.362	0.0	-2.525	-0.025	0.0	0.0	-11.168	2	-1437662100.31	19.017
C2D23	simple_none	82.265	0.0	-2.526	-0.026	0.0	0.0	-11.617	2	-1437662100.29	19.036
C2D23	simple_none	82.199	0.0	-2.527	-0.027	0.0	0.0	-11.925	2	-1437662100.27	19.05
C2D23	simple_none	82.104	0.0	-2.529	-0.029	0.0	0.0	-12.363	2	-1437662100.26	19.069
C2D23	simple_none	82.016	0.0	-2.53	-0.03	0.0	0.0	-12.769	2	-1437662100.24	19.087
C2D23	simple_none	81.947	0.0	-2.531	-0.031	0.0	0.0	-13.09	2	-1437662100.22	19.101
C2D23	simple_none	81.855	0.0	-2.532	-0.032	0.0	0.0	-13.515	2	-1437662100.2	19.119
C2D23	simple_none	81.789	0.0	-2.533	-0.033	0.0	0.0	-13.819	2	-1437662100.19	19.133
C2D23	simple_none	81.691	0.0	-2.535	-0.035	0.0	0.0	-14.272	2	-1437662100.17	19.153
C2D23	simple_none	81.596	0.0	-2.536	-0.036	0.0	0.0	-14.714	2	-1437662100.15	19.172
C2D23	simple_none	81.518	0.0	-2.537	-0.037	0.0	0.0	-15.072	2	-1437662100.14	19.188
C2D23	simple_none	81.452	0.0	-2.538	-0.038	0.0	0.0	-15.379	2	-1437662100.12	19.202
C2D23	simple_none	81.363	0.0	-2.539	-0.039	0.0	0.0	-15.788	2	-1437662100.1	19.22
C2D23	simple_none	81.286	0.0	-2.54	-0.04	0.0	0.0	-16.146	2	-1437662100.09	19.236
C2D23	simple_none	81.204	0.0	-2.542	-0.042	0.0	0.0	-16.527	2	-1437662100.07	19.253
C2D23	simple_none	81.138	0.0	-2.543	-0.043	0.0	0.0	-16.83	2	-1437662100.06	19.266
C2D23	simple_none	81.038	0.0	-2.544	-0.044	0.0	0.0	-17.292	2	-1437662100.04	19.287
C2D23	simple_none	80.967	0.0	-2.545	-0.045	0.0	0.0	-17.622	2	-1437662100.02	19.301
C2D23	simple_none	80.89	0.0	-2.546	-0.046	0.0	0.0	-17.977	2	-1437662100.01	19.317
C2D23	simple_none	80.81	0.0	-2.547	-0.047	0.0	0.0	-18.35	2	-1437662099.99	19.334
C2D23	simple_none	80.725	0.0	-2.549	-0.049	0.0	0.0	-18.743	2	-1437662099.97	19.351
C2D23	simple_none	80.653	0.0	-2.55	-0.05	0.0	0.0	-19.073	2	-1437662099.96	19.366
C2D23	simple_none	80.55	0.0	-2.551	-0.051	0.0	0.0	-19.551	2	-1437662099.94	19.387
C2D23	simple_none	80.469	0.0	-2.552	-0.052	0.0	0.0	-19.925	2	-1437662099.92	19.404
C2D23	simple_none	80.392	0.0	-2.553	-0.053	0.0	0.0	-20.28	2	-1437662099.9	19.42
C2D23	simple_none	80.314	0.0	-2.554	-0.054	0.0	0.0	-20.641	2	-1437662099.89	19.436
C2D23	simple_none	80.247	0.0	-2.555	-0.055	0.0	0.0	-20.951	2	-1437662099.87	19.45
C2D23	simple_none	80.162	0.0	-2.557	-0.057	0.0	0.0	-21.345	2	-1437662099.86	19.468
C2D23	simple_none	80.092	0.0	-2.558	-0.058	0.0	0.0	-21.671	2	-1437662099.84	19.482
C2D23	simple_none	80.013	0.0	-2.559	-0.059	0.0	0.0	-22.036	2	-1437662099.83	19.499
C2D23	simple_none	79.934	0.0	-2.56	-0.06	0.0	0.0	-22.398	2	-1437662099.81	19.515
C2D23	simple_none	79.847	0.0	-2.561	-0.061	0.0	0.0	-22.802	2	-1437662099.79	19.533
C2D23	simple_none	79.76	0.0	-2.563	-0.063	0.0	0.0	-23.204	2	-1437662099.77	19.551
C2D23	simple_none	79.685	0.0	-2.564	-0.064	0.0	0.0	-23.553	2	-1437662099.76	19.567
C2D23	simple_none	79.603	0.0	-2.565	-0.065	0.0	0.0	-23.931	2	-1437662099.74	19.584
C2D23	simple_none	79.525	0.0	-2.566	-0.066	0.0	0.0	-24.292	2	-1437662099.72	19.601
C2D23	simple_none	79.447	0.0	-2.567	-0.067	0.0	0.0	-24.654	2	-1437662099.71	19.617
C2D23	simple_none	79.369	0.0	-2.568	-0.068	0.0	0.0	-25.012	2	-1437662099.69	19.633
C2D23	simple_none	79.286	0.0	-2.569	-0.069	0.0	0.0	-25.398	2	-1437662099.67	19.651
C2D23	simple_none	79.208	0.0	-2.571	-0.071	0.0	0.0	-25.759	2	-1437662099.66	19.667
C2D23	simple_none	79.127	0.0	-2.572	-0.072	0.0	0.0	-26.132	2	-1437662099.64	19.684
C2D23	simple_none	79.047	0.0	-2.573	-0.073	0.0	0.0	-26.5	2	-1437662099.62	19.701
C2D23	simple_none	78.969	0.0	-2.574	-0.074	0.0	0.0	-26.864	2	-1437662099.61	19.718
C2D23	simple_none	78.896	0.0	-2.575	-0.075	0.0	0.0	-27.198	2	-1437662099.59	19.733
C2D23	simple_none	78.806	0.0	-2.576	-0.076	0.0	0.0	-27.618	2	-1437662099.57	19.752
C2D23	simple_none	78.738	0.0	-2.577	-0.077	0.0	0.0	-27.932	2	-1437662099.56	19.767
C2D23	simple_none	78.652	0.0	-2.579	-0.079	0.0	0.0	-28.331	2	-1437662099.54	19.785
C2D23	simple_none	78.581	0.0	-2.58	-0.08	0.0	0.0	-28.655	2	-1437662099.53	19.799
C2D23	simple_none	78.493	0.0	-2.581	-0.081	0.0	0.0	-29.065	2	-1437662099.51	19.818
C2D23	simple_none	78.418	0.0	-2.582	-0.082	0.0	0.0	-29.411	2	-1437662099.49	19.834
C2D23	simple_none	78.338	0.0	-2.583	-0.083	0.0	0.0	-29.781	2	-1437662099.47	19.851
C2D23	simple_none	78.267	0.0	-2.584	-0.084	0.0	0.0	-30.108	2	-1437662099.46	19.866
C2D23	simple_none	78.18	0.0	-2.585	-0.085	0.0	0.0	-30.51	2	-1437662099.44	19.885
C2D23	simple_none	78.102	0.0	-2.587	-0.087	0.0	0.0	-30.873	2	-1437662099.42	19.901
C2D23	simple_none	78.027	0.0	-2.588	-0.088	0.0	0.0	-31.22	2	-1437662099.41	19.917
C2D23	simple_none	77.949	0.0	-2.589	-0.089	0.0	0.0	-31.578	2	-1437662099.39	19.934
C2D23	simple_none	77.869	0.0	-2.59	-0.09	0.0	0.0	-31.951	2	-1437662099.37	19.951
C2D23	simple_none	77.789	0.0	-2.591	-0.091	0.0	0.0	-32.319	2	-1437662099.36	19.968
C2D23	simple_none	77.716	0.0	-2.592	-0.092	1.0	0.0	-32.657	2	-1437662099.34	19.984
C2D23	simple_none	77.792	0.0	-2.593	-0.093	1.0	0.0	-33.034	2	-1437662099.32	20.001
C2D23	simple_none	77.892	0.0	-2.594	-0.094	1.0	0.0	-33.385	2	-1437662099.31	20.017
C2D23	simple_none	77.976	0.0	-2.596	-0.096	1.0	0.0	-33.755	2	-1437662099.29	20.034
C2D23	simple_none	78.076	0.0	-2.597	-0.097	1.0	0.0	-34.085	2	-1437662099.28	20.05
C2D23	simple_none	78.144	0.0	-2.598	-0.098	1.0	0.0	-34.479	2	-1437662099.26	20.068
C2D23	simple_none	78.259	0.0	-2.599	-0.099	1.0	0.0	-34.793	2	-1437662099.24	20.082
C2D23	simple_none	78.315	0.0	-2.6	-0.1	1.0	0.0	-35.203	2	-1437662099.22	20.101
C2D23	simple_none	78.425	0.0	-2.601	-0.101	1.0	0.0	-35.574	2	-1437662099.21	20.118
C2D23	simple_none	78.522	0.0	-2.602	-0.102	1.0	0.0	-35.916	2	-1437662099.19	20.134
C2D23	simple_none	78.589	-16.0	-2.604	-0.104	1.0	0.0	-36.341	2	-1437662099.17	20.153
C2D23	simple_none	78.715	-16.0	-2.605	-0.105	1.0	0.0	-36.661	2	-1437662099.16	20.167
C2D23	simple_none	78.783	-16.0	-2.606	-0.106	1.0	0.0	-37.03	2	-1437662099.14	20.184
C2D23	simple_none	78.868	-16.0	-2.607	-0.107	1.0	0.0	-37.421	2	-1437662099.12	20.202
C2D23	simple_none	78.976	-16.0	-2.608	-0.108	1.0	0.0	-37.749	2	-1437662099.11	20.217
C2D23	simple_none	79.042	-16.0	-2.608	-0.108	1.0	0.0	-38.142	2	-1437662099.09	20.235
C2D23	simple_none	79.146	-16.0	-2.609	-0.109	1.0	0.0	-38.497	2	-1437662099.07	20.251
C2D23	simple_none	79.228	-16.0	-2.609	-0.109	1.0	0.0	-38.866	2	-1437662099.06	20.268
C2D23	simple_none	79.319	-16.0	-2.61	-0.11	1.0	0.0	-39.225	2	-1437662099.04	20.284
C2D23	simple_none	79.398	-16.0	-2.61	-0.11	0.0	0.0	-39.618	2	-1437662099.02	20.302
C2D23	simple_none	79.314	-16.0	-2.61	-0.11	0.0	0.0	-40.008	2	-1437662099.01	20.319
C2D23	simple_none	79.247	-16.0	-2.61	-0.11	0.0	0.0	-40.32	2	-1437662098.99	20.334
C2D23	simple_none	79.159	-16.0	-2.61	-0.11	0.0	0.0	-40.724	2	-1437662098.97	20.352
C2D23	simple_none	79.089	-16.0	-2.61	-0.11	0.0	0.0	-41.05	2	-1437662098.96	20.367
C2D23	simple_none	79.003	-16.0	-2.609	-0.109	0.0	0.0	-41.445	2	-1437662098.94	20.385
C2D23	simple_none	78.933	-16.0	-2.608	-0.108	0.0	0.0	-41.771	2	-1437662098.92	20.4
C2D23	simple_none	78.847	-16.0	-2.607	-0.107	0.0	0.0	-42.167	2	-1437662098.91	20.418
C2D23	simple_none	78.772	-16.0	-2.606	-0.106	0.0	0.0	-42.515	2	-1437662098.89	20.434
C2D23	simple_none	78.684	-16.0	-2.605	-0.105	0.0	0.0	-42.919	2	-1437662098.87	20.452
C2D23	simple_none	78.599	-16.0	-2.604	-0.104	0.0	0.0	-43.311	2	-1437662098.85	20.47
C2D23	simple_none	78.502	-16.0	-2.602	-0.102	0.0	0.0	-43.761	2	-1437662098.83	20.491
C2D23	simple_none	78.382	-16.0	-2.599	-0.099	0.0	0.0	-44.316	2	-1437662098.81	20.516
C2D23	simple_none	78.3	-16.0	-2.597	-0.097	0.0	0.0	-44.694	2	-1437662098.79	20.534
C2D23	simple_none	78.22	-16.0	-2.595	-0.095	0.0	0.0	-45.067	2	-1437662098.77	20.551
C2D23	simple_none	78.146	-16.0	-2.593	-0.093	0.0	0.0	-45.407	2	-1437662098.76	20.566
C2D23	simple_none	78.068	-16.0	-2.59	-0.09	0.0	0.0	-45.769	2	-1437662098.74	20.583
C2D23	simple_none	77.977	-16.0	-2.587	-0.087	0.0	0.0	-46.189	2	-1437662098.72	20.603
C2D23	simple_none	77.907	-16.0	-2.585	-0.085	0.0	0.0	-46.513	2	-1437662098.71	20.618
C2D23	simple_none	77.83	-16.0	-2.582	-0.082	0.0	0.0	-46.87	2	-1437662098.69	20.634
C2D23	simple_none	77.395	-16.0	-2.565	-0.065	0.0	0.0	-48.871	2	-1437662098.6	20.727
C2D23	simple_none	77.334	-16.0	-2.562	-0.062	0.0	0.0	-49.154	2	-1437662098.58	20.741
C2D23	simple_none	77.262	-16.0	-2.559	-0.059	0.0	0.0	-49.486	2	-1437662098.57	20.756
C2D23	simple_none	77.178	-16.0	-2.555	-0.055	0.0	0.0	-49.872	2	-1437662098.55	20.774
C2D23	simple_none	77.106	-16.0	-2.552	-0.052	0.0	0.0	-50.207	2	-1437662098.53	20.79
C2D23	simple_none	77.042	-16.0	-2.549	-0.049	0.0	0.0	-50.503	2	-1437662098.52	20.804
C2D23	simple_none	76.513	-16.0	-2.521	-0.021	0.0	0.0	-52.934	2	-1437662098.41	20.918
C2D23	simple_none	76.443	-16.0	-2.518	-0.018	0.0	0.0	-53.257	2	-1437662098.39	20.933
C2D23	simple_none	76.352	-16.0	-2.512	-0.012	0.0	0.0	-53.681	2	-1437662098.37	20.953
C2D23	simple_none	76.278	-16.0	-2.508	-0.008	0.0	0.0	-54.022	2	-1437662098.36	20.969
C2D23	simple_none	76.188	-16.0	-2.503	-0.003	0.0	0.0	-54.439	2	-1437662098.34	20.989
C2D23	simple_none	76.135	-16.0	-2.499	0.001	0.0	0.0	-54.681	2	-1437662098.32	21.0
C2D23	simple_none	76.049	-16.0	-2.494	0.006	0.0	0.0	-55.079	2	-1437662098.31	21.019
C2D23	simple_none	75.933	-16.0	-2.486	0.014	0.0	0.0	-55.618	2	-1437662098.28	21.045
C2D23	simple_none	75.854	-16.0	-2.481	0.019	0.0	0.0	-55.983	2	-1437662098.26	21.062
C2D23	simple_none	75.767	-16.0	-2.475	0.025	0.0	0.0	-56.383	2	-1437662098.24	21.081
C2D23	simple_none	75.703	-16.0	-2.47	0.03	0.0	0.0	-56.68	2	-1437662098.23	21.095
C2D23	simple_none	75.656	-16.0	-2.467	0.033	0.0	0.0	-56.894	2	-1437662098.22	21.105
C2D23	simple_none	75.589	-16.0	-2.462	0.038	0.0	0.0	-57.205	2	-1437662098.2	21.12
C2D23	simple_none	75.495	-16.0	-2.454	0.046	1.0	0.0	-57.641	2	-1437662098.18	21.141
C2D23	simple_none	75.654	-16.0	-2.45	0.05	1.0	0.0	-57.873	2	-1437662098.17	21.152
C2D23	simple_none	75.7	-16.0	-2.445	0.055	1.0	0.0	-58.174	2	-1437662098.16	21.166
C2D23	simple_none	75.765	-16.0	-2.438	0.062	1.0	0.0	-58.541	2	-1437662098.14	21.183
C2D23	simple_none	75.864	-16.0	-2.432	0.068	1.0	0.0	-58.894	2	-1437662098.12	21.2
C2D23	simple_none	75.954	-16.0	-2.425	0.075	1.0	0.0	-59.258	2	-1437662098.11	21.217
C2D23	simple_none	76.043	-16.0	-2.417	0.083	1.0	0.0	-59.648	2	-1437662098.09	21.237
C2D23	simple_none	76.155	-16.0	-2.41	0.09	1.0	0.0	-59.992	2	-1437662098.07	21.252
C2D23	simple_none	76.243	-16.0	-2.403	0.097	1.0	0.0	-60.339	2	-1437662098.06	21.268
C2D23	simple_none	76.328	-16.0	-2.396	0.104	1.0	0.0	-60.709	2	-1437662098.04	21.286
C2D23	simple_none	76.423	-16.0	-2.388	0.112	1.0	0.0	-61.083	2	-1437662098.02	21.303
C2D23	simple_none	76.533	-16.0	-2.381	0.119	1.0	0.0	-61.394	2	-1437662098.01	21.318
C2D23	simple_none	76.603	-16.0	-2.373	0.127	1.0	0.0	-61.753	2	-1437662097.99	21.335
C2D23	simple_none	76.693	-16.0	-2.365	0.135	1.0	0.0	-62.121	2	-1437662097.97	21.352
C2D23	simple_none	76.777	-16.0	-2.355	0.145	1.0	0.0	-62.536	2	-1437662097.95	21.372
C2D23	simple_none	76.895	-16.0	-2.347	0.153	1.0	0.0	-62.899	2	-1437662097.94	21.389
C2D23	simple_none	76.996	-16.0	-2.339	0.161	1.0	0.0	-63.22	2	-1437662097.92	21.403
C2D23	simple_none	77.069	-16.0	-2.33	0.17	1.0	0.0	-63.583	2	-1437662097.9	21.42
C2D23	simple_none	77.157	-16.0	-2.321	0.179	1.0	0.0	-63.965	2	-1437662097.89	21.438
C2D23	simple_none	77.266	-16.0	-2.313	0.187	1.0	0.0	-64.292	2	-1437662097.87	21.453
C2D23	simple_none	77.336	-16.0	-2.303	0.197	1.0	0.0	-64.675	2	-1437662097.85	21.471
C2D23	simple_none	77.437	-16.0	-2.293	0.207	1.0	0.0	-65.04	2	-1437662097.84	21.488
C2D23	simple_none	77.553	-16.0	-2.287	0.213	1.0	0.0	-65.289	2	-1437662097.83	21.499
C2D23	simple_none	77.583	-16.0	-2.276	0.224	1.0	0.0	-65.693	2	-1437662097.81	21.518
C2D23	simple_none	77.685	-16.0	-2.265	0.235	1.0	0.0	-66.09	2	-1437662097.79	21.537
C2D23	simple_none	77.785	-16.0	-2.254	0.246	1.0	0.0	-66.486	2	-1437662097.77	21.555
C2D23	simple_none	77.906	-16.0	-2.246	0.254	1.0	0.0	-66.781	2	-1437662097.76	21.569
C2D23	simple_none	77.952	-16.0	-2.234	0.266	1.0	0.0	-67.201	2	-1437662097.74	21.588
C2D23	simple_none	78.08	-16.0	-2.225	0.275	1.0	0.0	-67.51	2	-1437662097.72	21.602
C2D23	simple_none	78.147	-16.0	-2.214	0.286	1.0	0.0	-67.864	2	-1437662097.71	21.618
C2D23	simple_none	78.208	-16.0	-2.2	0.3	1.0	0.0	-68.345	2	-1437662097.68	21.64
C2D23	simple_none	78.381	-16.0	-2.193	0.307	1.0	0.0	-68.571	2	-1437662097.67	21.651
C2D23	simple_none	78.408	-16.0	-2.182	0.318	1.0	0.0	-68.934	2	-1437662097.66	21.667
C2D23	simple_none	78.5	-16.0	-2.171	0.329	1.0	0.0	-69.28	2	-1437662097.64	21.683
C2D23	simple_none	78.565	-16.0	-2.157	0.343	1.0	0.0	-69.719	2	-1437662097.62	21.703
C2D23	simple_none	78.693	-16.0	-2.146	0.354	1.0	0.0	-70.066	2	-1437662097.61	21.719
C2D23	simple_none	78.762	-16.0	-2.132	0.368	1.0	0.0	-70.482	2	-1437662097.59	21.738
C2D23	simple_none	78.889	-16.0	-2.122	0.378	1.0	0.0	-70.782	2	-1437662097.57	21.752
C2D23	simple_none	78.944	-16.0	-2.109	0.391	1.0	0.0	-71.166	2	-1437662097.56	21.769
C2D23	simple_none	79.041	-16.0	-2.097	0.403	1.0	0.0	-71.532	2	-1437662097.54	21.786
C2D23	simple_none	79.131	-16.0	-2.084	0.416	1.0	0.0	-71.891	2	-1437662097.52	21.802
C2D23	simple_none	79.207	-16.0	-2.07	0.43	1.0	0.0	-72.299	2	-1437662097.5	21.821
C2D23	simple_none	79.324	-16.0	-2.059	0.441	1.0	0.0	-72.624	2	-1437662097.49	21.835
C2D23	simple_none	79.399	-16.0	-2.047	0.453	1.0	0.0	-72.961	2	-1437662097.47	21.85
C2D23	simple_none	79.475	-16.0	-2.034	0.466	1.0	0.0	-73.324	2	-1437662097.46	21.867
C2D23	simple_none	79.551	-16.0	-2.018	0.482	1.0	0.0	-73.736	2	-1437662097.44	21.886
C2D23	simple_none	79.656	-16.0	-2.004	0.496	1.0	0.0	-74.12	2	-1437662097.42	21.903
C2D23	simple_none	79.754	-16.0	-1.991	0.509	1.0	0.0	-74.474	2	-1437662097.4	21.919
C2D23	simple_none	79.833	-16.0	-1.976	0.524	1.0	0.0	-74.852	2	-1437662097.39	21.936
C2D23	simple_none	79.929	-16.0	-1.963	0.537	1.0	0.0	-75.202	2	-1437662097.37	21.952
C2D23	simple_none	80.004	-16.0	-1.948	0.552	1.0	0.0	-75.588	2	-1437662097.36	21.969
C2D23	simple_none	80.092	-16.0	-1.932	0.568	1.0	0.0	-75.994	2	-1437662097.34	21.987
C2D23	simple_none	80.205	-16.0	-1.919	0.581	1.0	0.0	-76.317	2	-1437662097.32	22.002
C2D23	simple_none	80.268	-16.0	-1.903	0.597	1.0	0.0	-76.701	2	-1437662097.31	22.019
C2D23	simple_none	80.367	-16.0	-1.889	0.611	1.0	0.0	-77.046	2	-1437662097.29	22.034
C2D23	simple_none	80.425	-16.0	-1.871	0.629	1.0	0.0	-77.498	2	-1437662097.27	22.054
C2D23	simple_none	80.552	-16.0	-1.856	0.644	1.0	0.0	-77.852	2	-1437662097.25	22.07
C2D23	simple_none	80.642	-16.0	-1.842	0.658	1.0	0.0	-78.173	2	-1437662097.24	22.084
C2D23	simple_none	80.701	-16.0	-1.825	0.675	1.0	0.0	-78.569	2	-1437662097.22	22.102
C2D23	simple_none	80.799	-16.0	-1.81	0.69	1.0	0.0	-78.938	2	-1437662097.21	22.119
C2D23	simple_none	80.875	-16.0	-1.792	0.708	1.0	0.0	-79.352	2	-1437662097.19	22.137
C2D23	simple_none	80.975	-16.0	-1.774	0.726	1.0	0.0	-79.748	2	-1437662097.17	22.154
C2D23	simple_none	81.093	-16.0	-1.762	0.738	1.0	0.0	-80.023	2	-1437662097.16	22.167
C2D23	simple_none	81.123	-16.0	-1.744	0.756	1.0	0.0	-80.449	2	-1437662097.14	22.186
C2D23	simple_none	81.238	-16.0	-1.728	0.772	1.0	0.0	-80.798	2	-1437662097.12	22.201
C2D23	simple_none	81.309	-16.0	-1.711	0.789	1.0	0.0	-81.194	2	-1437662097.11	22.218
C2D23	simple_none	81.367	-16.0	-1.687	0.813	1.0	0.0	-81.743	2	-1437662097.08	22.243
C2D23	simple_none	81.536	-16.0	-1.671	0.829	1.0	0.0	-82.087	2	-1437662097.07	22.258
C2D23	simple_none	81.624	-16.0	-1.658	0.842	1.0	0.0	-82.387	2	-1437662097.05	22.271
C2D23	simple_none	81.682	-16.0	-1.643	0.857	1.0	0.0	-82.737	2	-1437662097.04	22.286
C2D23	simple_none	81.769	-16.0	-1.629	0.871	1.0	0.0	-83.052	2	-1437662097.02	22.301
C2D23	simple_none	81.791	-16.0	-1.605	0.895	1.0	0.0	-83.598	2	-1437662097.0	22.324
C2D23	simple_none	81.983	-16.0	-1.594	0.906	1.0	0.0	-83.826	2	-1437662096.99	22.334
C2D23	simple_none	81.979	-16.0	-1.573	0.927	1.0	0.0	-84.316	2	-1437662096.97	22.356
C2D23	simple_none	82.14	-16.0	-1.561	0.939	1.0	0.0	-84.572	2	-1437662096.96	22.367
C2D23	simple_none	82.156	16.0	-1.541	0.959	1.0	0.0	-85.023	2	-1437662096.94	22.387
C2D23	simple_none	82.279	16.0	-1.526	0.974	1.0	0.0	-85.373	2	-1437662096.92	22.402
C2D23	simple_none	82.35	16.0	-1.509	0.991	1.0	0.0	-85.755	2	-1437662096.9	22.419
C2D23	simple_none	82.439	16.0	-1.493	1.007	1.0	0.0	-86.124	2	-1437662096.89	22.435
C2D23	simple_none	82.528	16.0	-1.478	1.022	1.0	0.0	-86.46	2	-1437662096.88	22.449
C2D23	simple_none	82.569	16.0	-1.457	1.043	1.0	0.0	-86.953	2	-1437662096.85	22.471
C2D23	simple_none	82.719	16.0	-1.443	1.057	1.0	0.0	-87.264	2	-1437662096.84	22.484
C2D23	simple_none	82.763	16.0	-1.425	1.075	0.0	0.0	-87.689	2	-1437662096.82	22.503
C2D23	simple_none	82.69	16.0	-1.411	1.089	0.0	0.0	-88.025	2	-1437662096.81	22.517
C2D23	simple_none	82.599	16.0	-1.393	1.107	0.0	0.0	-88.444	2	-1437662096.79	22.536
C2D23	simple_none	82.522	16.0	-1.378	1.122	0.0	0.0	-88.803	2	-1437662096.77	22.551
C2D23	simple_none	82.437	16.0	-1.362	1.138	0.0	0.0	-89.195	2	-1437662096.76	22.569
C2D23	simple_none	82.359	16.0	-1.348	1.152	0.0	0.0	-89.556	2	-1437662096.74	22.585
C2D23	simple_none	82.275	16.0	-1.332	1.168	0.0	0.0	-89.942	2	-1437662096.72	22.601
C2D23	simple_none	82.185	16.0	-1.316	1.184	0.0	0.0	-90.358	2	-1437662096.7	22.62
C2D23	simple_none	82.108	16.0	-1.302	1.198	0.0	0.0	-90.714	2	-1437662096.69	22.635
C2D23	simple_none	82.025	16.0	-1.287	1.213	0.0	0.0	-91.097	2	-1437662096.67	22.652
C2D23	simple_none	81.949	16.0	-1.274	1.226	0.0	0.0	-91.449	2	-1437662096.66	22.667
C2D23	simple_none	81.863	16.0	-1.258	1.242	1.0	0.0	-91.848	2	-1437662096.64	22.685
C2D23	simple_none	81.959	16.0	-1.245	1.255	1.0	0.0	-92.216	2	-1437662096.62	22.701
C2D23	simple_none	82.032	16.0	-1.229	1.271	1.0	0.0	-92.635	2	-1437662096.61	22.719
C2D23	simple_none	82.137	16.0	-1.216	1.284	1.0	0.0	-93.005	2	-1437662096.59	22.736
C2D23	simple_none	82.225	16.0	-1.203	1.297	1.0	0.0	-93.352	2	-1437662096.57	22.751
C2D23	simple_none	82.288	16.0	-1.188	1.312	1.0	0.0	-93.77	2	-1437662096.56	22.769
C2D23	simple_none	82.389	16.0	-1.175	1.325	1.0	0.0	-94.152	2	-1437662096.54	22.786
C2D23	simple_none	82.475	16.0	-1.162	1.338	1.0	0.0	-94.533	2	-1437662096.52	22.802
C2D23	simple_none	82.564	16.0	-1.15	1.35	1.0	0.0	-94.896	2	-1437662096.51	22.818
C2D23	simple_none	82.634	16.0	-1.136	1.364	1.0	0.0	-95.306	2	-1437662096.49	22.836
C2D23	simple_none	82.737	16.0	-1.124	1.376	1.0	0.0	-95.666	2	-1437662096.47	22.852
C2D23	simple_none	82.816	16.0	-1.112	1.388	1.0	0.0	-96.031	2	-1437662096.46	22.867
C2D23	simple_none	82.881	16.0	-1.098	1.402	1.0	0.0	-96.468	2	-1437662096.44	22.886
C2D23	simple_none	82.995	16.0	-1.087	1.413	1.0	0.0	-96.823	2	-1437662096.42	22.902
C2D23	simple_none	83.068	16.0	-1.075	1.425	1.0	0.0	-97.203	2	-1437662096.41	22.918
C2D23	simple_none	83.154	16.0	-1.063	1.437	1.0	0.0	-97.57	2	-1437662096.39	22.934
C2D23	simple_none	83.218	16.0	-1.05	1.45	1.0	0.0	-98.017	2	-1437662096.37	22.953
C2D23	simple_none	83.333	16.0	-1.039	1.461	1.0	0.0	-98.381	2	-1437662096.36	22.969
C2D23	simple_none	83.411	16.0	-1.028	1.472	1.0	0.0	-98.757	2	-1437662096.34	22.985
C2D23	simple_none	83.49	16.0	-1.017	1.483	1.0	0.0	-99.146	2	-1437662096.32	23.002
C2D23	simple_none	83.574	16.0	-1.006	1.494	1.0	0.0	-99.537	2	-1437662096.31	23.019
C2D23	simple_none	83.661	16.0	-0.995	1.505	1.0	0.0	-99.918	2	-1437662096.29	23.035
C2D23	simple_none	83.745	16.0	-0.985	1.515	1.0	0.0	-100.295	2	-1437662096.27	23.051
C2D23	simple_none	83.81	16.0	-0.973	1.527	1.0	0.0	-100.746	2	-1437662096.25	23.071
C2D23	simple_none	83.935	16.0	-0.964	1.536	1.0	0.0	-101.073	2	-1437662096.24	23.085
C2D23	simple_none	83.985	16.0	-0.953	1.547	1.0	0.0	-101.496	2	-1437662096.22	23.103
C2D23	simple_none	84.082	16.0	-0.943	1.557	1.0	0.0	-101.892	2	-1437662096.2	23.12
C2D23	simple_none	84.172	16.0	-0.933	1.567	1.0	0.0	-102.263	2	-1437662096.19	23.135
C2D23	simple_none	84.247	16.0	-0.924	1.576	1.0	0.0	-102.656	2	-1437662096.17	23.152
C2D23	simple_none	84.335	16.0	-0.915	1.585	1.0	0.0	-103.031	2	-1437662096.16	23.168
C2D23	simple_none	84.391	16.0	-0.903	1.597	1.0	0.0	-103.519	2	-1437662096.13	23.189
C2D23	simple_none	84.535	16.0	-0.896	1.604	1.0	0.0	-103.817	2	-1437662096.12	23.202
C2D23	simple_none	84.573	16.0	-0.887	1.613	1.0	0.0	-104.237	2	-1437662096.11	23.219
C2D23	simple_none	84.668	16.0	-0.878	1.622	1.0	0.0	-104.628	2	-1437662096.09	23.236
C2D23	simple_none	84.733	16.0	-0.868	1.632	1.0	0.0	-105.099	2	-1437662096.07	23.256
C2D23	simple_none	84.838	16.0	-0.858	1.642	1.0	0.0	-105.544	2	-1437662096.05	23.275
C2D23	simple_none	84.961	16.0	-0.852	1.648	1.0	0.0	-105.854	2	-1437662096.04	23.288
C2D23	simple_none	85.016	16.0	-0.845	1.655	1.0	0.0	-106.214	2	-1437662096.02	23.303
C2D23	simple_none	85.086	16.0	-0.837	1.663	1.0	0.0	-106.601	2	-1437662096.01	23.319
C2D23	simple_none	85.157	16.0	-0.829	1.671	1.0	0.0	-107.033	2	-1437662095.99	23.338
C2D23	simple_none	85.229	16.0	-0.819	1.681	1.0	0.0	-107.551	2	-1437662095.96	23.36
C2D23	simple_none	85.374	16.0	-0.813	1.687	1.0	0.0	-107.899	2	-1437662095.95	23.374
C2D23	simple_none	85.441	16.0	-0.806	1.694	1.0	0.0	-108.273	2	-1437662095.93	23.39
C2D23	simple_none	85.531	16.0	-0.8	1.7	1.0	0.0	-108.588	2	-1437662095.92	23.403
C2D23	simple_none	85.579	16.0	-0.794	1.706	1.0	0.0	-108.984	2	-1437662095.9	23.42
C2D23	simple_none	85.64	16.0	-0.786	1.714	1.0	0.0	-109.478	2	-1437662095.88	23.44
C2D23	simple_none	85.787	16.0	-0.781	1.719	1.0	0.0	-109.766	2	-1437662095.87	23.452
C2D23	simple_none	85.82	16.0	-0.775	1.725	1.0	0.0	-110.174	2	-1437662095.86	23.47
C2D23	simple_none	85.912	16.0	-0.769	1.731	1.0	0.0	-110.545	2	-1437662095.84	23.485
C2D23	simple_none	85.968	16.0	-0.763	1.737	1.0	0.0	-111.01	2	-1437662095.82	23.505
C2D23	simple_none	86.075	16.0	-0.757	1.743	1.0	0.0	-111.425	2	-1437662095.8	23.522
C2D23	simple_none	86.184	16.0	-0.753	1.747	1.0	0.0	-111.724	2	-1437662095.79	23.534
C2D23	simple_none	86.214	16.0	-0.747	1.753	1.0	0.0	-112.171	2	-1437662095.77	23.553
C2D23	simple_none	86.317	16.0	-0.742	1.758	1.0	0.0	-112.56	2	-1437662095.76	23.569
C2D23	simple_none	86.396	16.0	-0.737	1.763	1.0	0.0	-112.952	2	-1437662095.74	23.585
C2D23	simple_none	86.463	16.0	-0.732	1.768	1.0	0.0	-113.404	2	-1437662095.72	23.604
C2D23	simple_none	86.572	16.0	-0.728	1.772	1.0	0.0	-113.774	2	-1437662095.7	23.62
C2D23	simple_none	86.639	16.0	-0.724	1.776	1.0	0.0	-114.179	2	-1437662095.69	23.636
C2D23	simple_none	86.725	16.0	-0.72	1.78	1.0	0.0	-114.567	2	-1437662095.67	23.652
C2D23	simple_none	86.791	16.0	-0.716	1.784	1.0	0.0	-115.011	2	-1437662095.65	23.671
C2D23	simple_none	86.888	16.0	-0.712	1.788	1.0	0.0	-115.417	2	-1437662095.64	23.688
C2D23	simple_none	86.986	16.0	-0.709	1.791	1.0	0.0	-115.748	2	-1437662095.62	23.701
C2D23	simple_none	87.031	16.0	-0.706	1.794	1.0	0.0	-116.182	2	-1437662095.61	23.719
C2D23	simple_none	86.91	16.0	-0.695	1.805	1.0	0.0	-117.583	2	-1437662095.55	23.777
C2D23	simple_none	87.405	16.0	-0.692	1.808	1.0	0.0	-117.975	2	-1437662095.53	23.793
C2D23	simple_none	87.479	16.0	-0.69	1.81	1.0	0.0	-118.386	2	-1437662095.51	23.81
C2D23	simple_none	87.531	16.0	-0.686	1.814	1.0	0.0	-118.933	2	-1437662095.49	23.832
C2D23	simple_none	87.667	16.0	-0.684	1.816	1.0	0.0	-119.35	2	-1437662095.47	23.849
C2D23	simple_none	87.557	16.0	-0.678	1.822	1.0	0.0	-120.662	2	-1437662095.42	23.903
C2D23	simple_none	87.964	16.0	-0.675	1.825	1.0	0.0	-121.278	2	-1437662095.4	23.928
C2D23	simple_none	88.077	16.0	-0.672	1.828	1.0	0.0	-121.927	2	-1437662095.37	23.954
C2D23	simple_none	88.272	16.0	-0.671	1.829	1.0	0.0	-122.257	2	-1437662095.36	23.968
C2D23	simple_none	88.254	16.0	-0.669	1.831	1.0	0.0	-122.969	2	-1437662095.33	23.997
C2D23	simple_none	88.404	16.0	-0.667	1.833	1.0	0.0	-123.627	2	-1437662095.3	24.023
C2D23	simple_none	88.61	16.0	-0.666	1.834	1.0	0.0	-123.918	2	-1437662095.29	24.035
C2D23	simple_none	88.633	16.0	-0.666	1.834	1.0	0.0	-124.367	2	-1437662095.27	24.053
C2D23	simple_none	88.698	16.0	-0.665	1.835	1.0	0.0	-124.912	2	-1437662095.25	24.075
C2D23	simple_none	88.826	16.0	-0.665	1.835	1.0	0.0	-125.767	2	-1437662095.21	24.11
C2D23	simple_none	89.008	16.0	-0.665	1.835	1.0	0.0	-126.118	2	-1437662095.2	24.124
C2D23	simple_none	89.068	16.0	-0.665	1.835	1.0	0.0	-126.505	2	-1437662095.18	24.14
C2D23	simple_none	89.157	16.0	-0.666	1.834	1.0	0.0	-126.821	2	-1437662095.17	24.152
C2D23	simple_none	89.175	16.0	-0.667	1.833	1.0	0.0	-127.333	2	-1437662095.15	24.173
C2D23	simple_none	89.314	16.0	-0.668	1.832	1.0	0.0	-127.647	2	-1437662095.14	24.186
C2D23	simple_none	89.341	16.0	-0.669	1.831	1.0	0.0	-128.117	2	-1437662095.12	24.205
C2D23	simple_none	89.454	16.0	-0.67	1.83	1.0	0.0	-128.474	2	-1437662095.11	24.219
C2D23	simple_none	89.472	16.0	-0.672	1.828	1.0	0.0	-129.061	2	-1437662095.08	24.243
C2D23	simple_none	89.611	16.0	-0.674	1.826	1.0	0.0	-129.516	2	-1437662095.06	24.261
C2D23	simple_none	89.7	16.0	-0.677	1.823	1.0	0.0	-129.955	2	-1437662095.05	24.278
C2D23	simple_none	89.799	16.0	-0.679	1.821	1.0	0.0	-130.316	2	-1437662095.03	24.293
C2D23	simple_none	89.855	16.0	-0.681	1.819	1.0	0.0	-130.732	2	-1437662095.02	24.31
C2D23	simple_none	89.934	16.0	-0.684	1.816	1.0	0.0	-131.144	2	-1437662095.0	24.326
C2D23	simple_none	90.015	16.0	-0.687	1.813	1.0	0.0	-131.534	2	-1437662094.98	24.341
C2D23	simple_none	90.098	16.0	-0.689	1.811	1.0	0.0	-131.878	2	-1437662094.97	24.355
C2D23	simple_none	90.138	16.0	-0.693	1.807	1.0	0.0	-132.334	2	-1437662094.95	24.373
C2D23	simple_none	90.231	16.0	-0.696	1.804	1.0	0.0	-132.753	2	-1437662094.93	24.39
C2D23	simple_none	90.329	16.0	-0.699	1.801	1.0	0.0	-133.074	2	-1437662094.92	24.403
C2D23	simple_none	90.364	16.0	-0.703	1.797	1.0	0.0	-133.512	2	-1437662094.9	24.42
C2D23	simple_none	90.454	16.0	-0.707	1.793	1.0	0.0	-133.908	2	-1437662094.89	24.436
C2D23	simple_none	90.489	16.0	-0.713	1.787	1.0	0.0	-134.477	2	-1437662094.87	24.459
C2D23	simple_none	90.635	16.0	-0.718	1.782	1.0	0.0	-134.857	2	-1437662094.85	24.473
C2D23	simple_none	90.712	16.0	-0.722	1.778	1.0	0.0	-135.203	2	-1437662094.84	24.487
C2D23	simple_none	90.77	16.0	-0.726	1.774	1.0	0.0	-135.576	2	-1437662094.82	24.502
C2D23	simple_none	90.821	16.0	-0.732	1.768	1.0	0.0	-136.028	2	-1437662094.8	24.52
C2D23	simple_none	90.904	16.0	-0.738	1.762	1.0	0.0	-136.479	2	-1437662094.79	24.538
C2D23	simple_none	90.95	16.0	-0.746	1.754	1.0	0.0	-137.096	2	-1437662094.76	24.562
C2D23	simple_none	91.11	16.0	-0.752	1.748	1.0	0.0	-137.492	2	-1437662094.75	24.578
C2D23	simple_none	91.156	16.0	-0.76	1.74	1.0	0.0	-138.006	2	-1437662094.73	24.598
C2D23	simple_none	91.277	16.0	-0.766	1.734	1.0	0.0	-138.395	2	-1437662094.71	24.613
C2D23	simple_none	91.342	16.0	-0.772	1.728	1.0	0.0	-138.805	2	-1437662094.69	24.629
C2D23	simple_none	91.441	16.0	-0.777	1.723	1.0	0.0	-139.102	2	-1437662094.68	24.641
C2D23	simple_none	91.491	16.0	-0.782	1.718	1.0	0.0	-139.414	2	-1437662094.67	24.653
C2D23	simple_none	91.514	16.0	-0.79	1.71	1.0	0.0	-139.881	2	-1437662094.65	24.672
C2D23	simple_none	91.611	16.0	-0.797	1.703	1.0	0.0	-140.288	2	-1437662094.64	24.687
C2D23	simple_none	91.665	16.0	-0.806	1.694	1.0	0.0	-140.782	2	-1437662094.62	24.707
C2D23	simple_none	91.786	16.0	-0.813	1.687	1.0	0.0	-141.127	2	-1437662094.6	24.72
C2D23	simple_none	91.837	16.0	-0.821	1.679	1.0	0.0	-141.519	2	-1437662094.59	24.736
C2D23	simple_none	91.898	16.0	-0.829	1.671	1.0	0.0	-141.955	2	-1437662094.57	24.753
C2D23	simple_none	91.983	16.0	-0.837	1.663	1.0	0.0	-142.354	2	-1437662094.56	24.768
C2D23	simple_none	92.036	16.0	-0.848	1.652	1.0	0.0	-142.836	2	-1437662094.54	24.787
C2D23	simple_none	92.145	16.0	-0.856	1.644	1.0	0.0	-143.212	2	-1437662094.52	24.802
C2D23	simple_none	92.191	16.0	-0.866	1.634	1.0	0.0	-143.682	2	-1437662094.5	24.82
C2D23	simple_none	92.275	16.0	-0.877	1.623	1.0	0.0	-144.15	2	-1437662094.49	24.838
C2D23	simple_none	92.379	16.0	-0.885	1.615	1.0	0.0	-144.514	2	-1437662094.47	24.852
C2D23	simple_none	92.412	16.0	-0.897	1.603	1.0	0.0	-145.027	2	-1437662094.45	24.872
C2D23	simple_none	92.54	16.0	-0.905	1.595	1.0	0.0	-145.364	2	-1437662094.44	24.885
C2D23	simple_none	92.578	16.0	-0.916	1.584	1.0	0.0	-145.8	2	-1437662094.42	24.902
C2D23	simple_none	92.653	16.0	-0.927	1.573	1.0	0.0	-146.239	2	-1437662094.4	24.919
C2D23	simple_none	92.728	16.0	-0.939	1.561	1.0	0.0	-146.687	2	-1437662094.39	24.937
C2D23	simple_none	92.8	16.0	-0.951	1.549	1.0	0.0	-147.163	2	-1437662094.37	24.955
C2D23	simple_none	92.905	16.0	-0.961	1.539	1.0	0.0	-147.537	2	-1437662094.36	24.97
C2D23	simple_none	92.961	16.0	-0.973	1.527	1.0	0.0	-147.956	2	-1437662094.34	24.986
C2D23	simple_none	93.023	16.0	-0.985	1.515	1.0	0.0	-148.423	2	-1437662094.32	25.004
C2D23	simple_none	93.123	16.0	-0.996	1.504	1.0	0.0	-148.803	2	-1437662094.31	25.019
C2D23	simple_none	93.143	16.0	-1.013	1.487	1.0	0.0	-149.395	2	-1437662094.28	25.041
C2D23	simple_none	93.31	16.0	-1.022	1.478	1.0	0.0	-149.685	2	-1437662094.27	25.053
C2D23	simple_none	93.327	16.0	-1.035	1.465	1.0	0.0	-150.13	2	-1437662094.25	25.07
C2D23	simple_none	93.387	16.0	-1.051	1.449	1.0	0.0	-150.653	2	-1437662094.23	25.09
C2D23	simple_none	93.512	16.0	-1.062	1.438	1.0	0.0	-151.013	2	-1437662094.22	25.104
C2D23	simple_none	93.548	16.0	-1.077	1.423	1.0	0.0	-151.492	2	-1437662094.2	25.122
C2D23	simple_none	93.655	16.0	-1.089	1.411	1.0	0.0	-151.855	2	-1437662094.19	25.136
C2D23	simple_none	93.707	16.0	-1.103	1.397	1.0	0.0	-152.267	2	-1437662094.17	25.152
C2D23	simple_none	93.766	16.0	-1.118	1.382	1.0	0.0	-152.73	2	-1437662094.15	25.169
C2D23	simple_none	93.844	16.0	-1.134	1.366	1.0	0.0	-153.195	2	-1437662094.14	25.187
C2D23	simple_none	93.915	16.0	-1.151	1.349	1.0	0.0	-153.698	2	-1437662094.12	25.207
C2D23	simple_none	94.042	16.0	-1.162	1.338	1.0	0.0	-154.01	2	-1437662094.11	25.218
C2D23	simple_none	94.063	16.0	-1.178	1.322	1.0	0.0	-154.467	2	-1437662094.09	25.236
C2D23	simple_none	94.131	16.0	-1.196	1.304	1.0	0.0	-154.966	2	-1437662094.07	25.255
C2D23	simple_none	94.238	16.0	-1.21	1.29	1.0	0.0	-155.358	2	-1437662094.05	25.27
C2D23	simple_none	94.276	16.0	-1.229	1.271	1.0	0.0	-155.885	2	-1437662094.03	25.29
C2D23	simple_none	94.403	16.0	-1.242	1.258	1.0	0.0	-156.233	2	-1437662094.02	25.303
C2D23	simple_none	94.44	16.0	-1.259	1.241	1.0	0.0	-156.679	2	-1437662094.0	25.32
C2D23	simple_none	94.519	16.0	-1.276	1.224	1.0	0.0	-157.104	2	-1437662093.99	25.336
C2D23	simple_none	94.586	16.0	-1.293	1.207	1.0	0.0	-157.553	2	-1437662093.97	25.353
C2D23	simple_none	94.649	16.0	-1.313	1.187	1.0	0.0	-158.053	2	-1437662093.95	25.373
C2D23	simple_none	94.762	16.0	-1.327	1.173	1.0	0.0	-158.416	2	-1437662093.94	25.386
C2D23	simple_none	94.812	16.0	-1.344	1.156	1.0	0.0	-158.831	2	-1437662093.92	25.402
C2D23	simple_none	94.873	16.0	-1.363	1.137	1.0	0.0	-159.282	2	-1437662093.9	25.419
C2D23	simple_none	94.939	16.0	-1.383	1.117	1.0	0.0	-159.773	2	-1437662093.89	25.438
C2D23	simple_none	95.013	16.0	-1.406	1.094	1.0	0.0	-160.298	2	-1437662093.87	25.458
C2D23	simple_none	95.129	16.0	-1.422	1.078	1.0	0.0	-160.69	2	-1437662093.85	25.472
C2D23	simple_none	95.202	16.0	-1.438	1.062	1.0	0.0	-161.039	2	-1437662093.84	25.485
C2D23	simple_none	95.234	16.0	-1.458	1.042	1.0	0.0	-161.507	2	-1437662093.82	25.503
C2D23	simple_none	95.315	16.0	-1.478	1.022	1.0	0.0	-161.955	2	-1437662093.8	25.52
C2D23	simple_none	95.371	16.0	-1.502	0.998	1.0	0.0	-162.488	2	-1437662093.78	25.54
C2D23	simple_none	95.502	16.0	-1.517	0.983	1.0	0.0	-162.819	2	-1437662093.77	25.553
C2D23	simple_none	95.533	16.0	-1.537	0.963	1.0	0.0	-163.255	2	-1437662093.76	25.569
C2D23	simple_none	95.601	16.0	-1.557	0.943	1.0	0.0	-163.706	2	-1437662093.74	25.586
C2D23	simple_none	95.676	16.0	-1.578	0.922	1.0	0.0	-164.149	2	-1437662093.72	25.603
C2D23	simple_none	95.726	16.0	-1.603	0.897	1.0	0.0	-164.696	2	-1437662093.7	25.623
C2D23	simple_none	95.858	-16.0	-1.619	0.881	1.0	0.0	-165.046	2	-1437662093.69	25.636
C2D23	simple_none	95.895	-16.0	-1.639	0.861	1.0	0.0	-165.485	2	-1437662093.67	25.653
C2D23	simple_none	95.96	-16.0	-1.661	0.839	1.0	0.0	-165.951	2	-1437662093.65	25.67
C2D23	simple_none	96.045	-16.0	-1.68	0.82	1.0	0.0	-166.375	2	-1437662093.64	25.686
C2D23	simple_none	96.115	-16.0	-1.699	0.801	1.0	0.0	-166.792	2	-1437662093.62	25.702
C2D23	simple_none	96.165	-16.0	-1.722	0.778	1.0	0.0	-167.29	2	-1437662093.6	25.72
C2D23	simple_none	96.245	-16.0	-1.744	0.756	1.0	0.0	-167.786	2	-1437662093.59	25.739
C2D23	simple_none	96.341	-16.0	-1.763	0.737	1.0	0.0	-168.208	2	-1437662093.57	25.755
C2D23	simple_none	96.416	-16.0	-1.78	0.72	1.0	0.0	-168.595	2	-1437662093.56	25.769
C2D23	simple_none	96.461	-16.0	-1.8	0.7	1.0	0.0	-169.06	2	-1437662093.54	25.786
C2D23	simple_none	96.536	-16.0	-1.82	0.68	1.0	0.0	-169.52	2	-1437662093.52	25.804
C2D23	simple_none	96.611	-16.0	-1.839	0.661	1.0	0.0	-169.972	2	-1437662093.5	25.82
C2D23	simple_none	96.693	-16.0	-1.856	0.644	1.0	0.0	-170.377	2	-1437662093.49	25.835
C2D23	simple_none	96.736	-16.0	-1.877	0.623	1.0	0.0	-170.881	2	-1437662093.47	25.854
C2D23	simple_none	96.832	-16.0	-1.894	0.606	1.0	0.0	-171.312	2	-1437662093.45	25.87
C2D23	simple_none	96.9	-16.0	-1.912	0.588	1.0	0.0	-171.743	2	-1437662093.44	25.886
C2D23	simple_none	96.956	-16.0	-1.931	0.569	1.0	0.0	-172.23	2	-1437662093.42	25.904
C2D23	simple_none	97.04	-16.0	-1.949	0.551	1.0	0.0	-172.684	2	-1437662093.4	25.921
C2D23	simple_none	97.12	-16.0	-1.965	0.535	1.0	0.0	-173.099	2	-1437662093.39	25.936
C2D23	simple_none	97.177	-16.0	-1.982	0.518	1.0	0.0	-173.55	2	-1437662093.37	25.953
C2D23	simple_none	97.242	-16.0	-2.0	0.5	1.0	0.0	-174.026	2	-1437662093.35	25.971
C2D23	simple_none	97.325	-16.0	-2.017	0.483	1.0	0.0	-174.467	2	-1437662093.34	25.987
C2D23	simple_none	97.396	-16.0	-2.033	0.467	1.0	0.0	-174.897	2	-1437662093.32	26.003
C2D23	simple_none	97.458	-16.0	-2.049	0.451	1.0	0.0	-175.348	2	-1437662093.31	26.019
C2D23	simple_none	97.536	-16.0	-2.064	0.436	1.0	0.0	-175.767	2	-1437662093.29	26.035
C2D23	simple_none	97.591	-16.0	-2.08	0.42	1.0	0.0	-176.229	2	-1437662093.27	26.052
C2D23	simple_none	97.658	-16.0	-2.097	0.403	1.0	0.0	-176.715	2	-1437662093.25	26.07
C2D23	simple_none	97.743	-16.0	-2.112	0.388	1.0	0.0	-177.157	2	-1437662093.24	26.086
C2D23	simple_none	97.805	-16.0	-2.127	0.373	1.0	0.0	-177.626	2	-1437662093.22	26.103
C2D23	simple_none	97.875	-16.0	-2.143	0.357	1.0	0.0	-178.108	2	-1437662093.2	26.121
C2D23	simple_none	97.92	-16.0	-2.163	0.337	1.0	0.0	-178.725	2	-1437662093.18	26.144
C2D23	simple_none	98.087	-16.0	-2.186	0.314	0.0	0.0	-179.455	2	-1437662093.15	26.17
C2D23	simple_none	97.983	-16.0	-2.2	0.3	0.0	0.0	-179.935	2	-1437662093.14	26.188
C2D23	simple_none	97.894	-16.0	-2.213	0.287	0.0	0.0	-180.347	2	-1437662093.12	26.203
C2D23	simple_none	97.742	-16.0	-2.233	0.267	0.0	0.0	-181.046	2	-1437662093.1	26.229
C2D23	simple_none	97.644	-16.0	-2.246	0.254	0.0	0.0	-181.5	2	-1437662093.08	26.246
C2D23	simple_none	97.544	-16.0	-2.26	0.24	0.0	0.0	-181.964	2	-1437662093.06	26.263
C2D23	simple_none	97.455	-16.0	-2.271	0.229	0.0	0.0	-182.375	2	-1437662093.05	26.278
C2D23	simple_none	97.363	-16.0	-2.283	0.217	0.0	0.0	-182.799	2	-1437662093.03	26.294
C2D23	simple_none	97.302	-16.0	-2.29	0.21	0.0	0.0	-183.08	2	-1437662093.02	26.304
C2D23	simple_none	97.198	-16.0	-2.303	0.197	0.0	0.0	-183.561	2	-1437662093.0	26.322
C2D23	simple_none	97.114	-16.0	-2.314	0.186	0.0	0.0	-183.951	2	-1437662092.99	26.336
C2D23	simple_none	96.995	-16.0	-2.328	0.172	0.0	0.0	-184.502	2	-1437662092.97	26.357
C2D23	simple_none	96.917	-16.0	-2.338	0.162	0.0	0.0	-184.861	2	-1437662092.95	26.37
C2D23	simple_none	96.817	-16.0	-2.35	0.15	0.0	0.0	-185.321	2	-1437662092.94	26.387
C2D23	simple_none	96.728	-16.0	-2.361	0.139	0.0	0.0	-185.735	2	-1437662092.92	26.403
C2D23	simple_none	96.629	-16.0	-2.373	0.127	0.0	0.0	-186.193	2	-1437662092.9	26.42
C2D23	simple_none	96.529	-16.0	-2.385	0.115	0.0	0.0	-186.654	2	-1437662092.89	26.437
C2D23	simple_none	96.433	-16.0	-2.397	0.103	0.0	0.0	-187.097	2	-1437662092.87	26.454
C2D23	simple_none	96.322	-16.0	-2.41	0.09	0.0	0.0	-187.61	2	-1437662092.85	26.473
C2D23	simple_none	96.251	-16.0	-2.419	0.081	0.0	0.0	-187.939	2	-1437662092.84	26.485
C2D23	simple_none	96.144	-16.0	-2.432	0.068	0.0	0.0	-188.436	2	-1437662092.82	26.504
C2D23	simple_none	96.046	-16.0	-2.444	0.056	0.0	0.0	-188.889	2	-1437662092.8	26.521
C2D23	simple_none	95.958	-16.0	-2.454	0.046	0.0	0.0	-189.297	2	-1437662092.79	26.536
C2D23	simple_none	95.85	-16.0	-2.467	0.033	0.0	0.0	-189.794	2	-1437662092.77	26.555
C2D23	simple_none	95.759	-16.0	-2.478	0.022	0.0	0.0	-190.213	2	-1437662092.75	26.57
C2D23	simple_none	95.664	-16.0	-2.49	0.01	0.0	0.0	-190.653	2	-1437662092.74	26.587
C2D23	simple_none	95.577	-16.0	-2.5	-0.0	0.0	0.0	-191.056	2	-1437662092.72	26.602
C2D23	simple_none	95.48	-16.0	-2.512	-0.012	0.0	0.0	-191.507	2	-1437662092.7	26.619
C2D23	simple_none	95.374	-16.0	-2.525	-0.025	0.0	0.0	-191.995	2	-1437662092.69	26.638
C2D23	simple_none	95.287	-16.0	-2.535	-0.035	0.0	0.0	-192.398	2	-1437662092.67	26.653
C2D23	simple_none	95.187	-16.0	-2.547	-0.047	0.0	0.0	-192.858	2	-1437662092.65	26.67
C2D23	simple_none	95.091	-16.0	-2.559	-0.059	0.0	0.0	-193.301	2	-1437662092.64	26.687
C2D23	simple_none	94.995	-16.0	-2.571	-0.071	0.0	0.0	-193.748	2	-1437662092.62	26.704
C2D23	simple_none	94.899	-16.0	-2.582	-0.082	0.0	0.0	-194.192	2	-1437662092.6	26.721
C2D23	simple_none	94.812	-16.0	-2.593	-0.093	0.0	0.0	-194.595	2	-1437662092.59	26.736
C2D23	simple_none	94.719	-16.0	-2.604	-0.104	0.0	0.0	-195.021	2	-1437662092.57	26.752
C2D23	simple_none	94.614	-16.0	-2.616	-0.116	0.0	0.0	-195.507	2	-1437662092.55	26.771
C2D23	simple_none	94.527	-16.0	-2.627	-0.127	0.0	0.0	-195.913	2	-1437662092.54	26.786
C2D23	simple_none	94.426	-16.0	-2.639	-0.139	0.0	0.0	-196.377	2	-1437662092.52	26.804
C2D23	simple_none	94.337	-16.0	-2.65	-0.15	0.0	0.0	-196.789	2	-1437662092.51	26.82
C2D23	simple_none	94.244	-16.0	-2.661	-0.161	0.0	0.0	-197.217	2	-1437662092.49	26.836
C2D23	simple_none	94.14	-16.0	-2.674	-0.174	0.0	0.0	-197.701	2	-1437662092.47	26.855
C2D23	simple_none	94.054	-16.0	-2.684	-0.184	0.0	0.0	-198.099	2	-1437662092.45	26.87
C2D23	simple_none	93.959	-16.0	-2.695	-0.195	0.0	0.0	-198.536	2	-1437662092.44	26.886
C2D23	simple_none	93.87	-16.0	-2.706	-0.206	0.0	0.0	-198.949	2	-1437662092.42	26.902
C2D23	simple_none	93.767	-16.0	-2.718	-0.218	0.0	0.0	-199.422	2	-1437662092.4	26.921
C2D23	simple_none	93.677	-16.0	-2.729	-0.229	0.0	0.0	-199.84	2	-1437662092.39	26.937
C2D23	simple_none	93.587	-16.0	-2.74	-0.24	0.0	0.0	-200.259	2	-1437662092.37	26.953
C2D23	simple_none	93.488	-16.0	-2.752	-0.252	0.0	0.0	-200.713	2	-1437662092.35	26.97
C2D23	simple_none	93.399	-16.0	-2.763	-0.263	0.0	0.0	-201.124	2	-1437662092.34	26.986
C2D23	simple_none	93.3	-16.0	-2.775	-0.275	0.0	0.0	-201.584	2	-1437662092.32	27.004
C2D23	simple_none	93.211	-16.0	-2.786	-0.286	0.0	0.0	-201.996	2	-1437662092.3	27.02
C2D23	simple_none	93.11	-16.0	-2.798	-0.298	0.0	0.0	-202.462	2	-1437662092.29	27.038
C2D23	simple_none	93.028	-16.0	-2.808	-0.308	0.0	0.0	-202.839	2	-1437662092.27	27.052
C2D23	simple_none	92.931	-16.0	-2.819	-0.319	0.0	0.0	-203.288	2	-1437662092.25	27.07
C2D23	simple_none	92.824	-16.0	-2.832	-0.332	0.0	0.0	-203.783	2	-1437662092.23	27.089
C2D23	simple_none	92.75	-16.0	-2.841	-0.341	0.0	0.0	-204.128	2	-1437662092.22	27.102
C2D23	simple_none	92.654	-16.0	-2.853	-0.353	0.0	0.0	-204.569	2	-1437662092.2	27.119
C2D23	simple_none	92.559	-16.0	-2.864	-0.364	0.0	0.0	-205.01	2	-1437662092.19	27.137
C2D23	simple_none	92.465	-16.0	-2.876	-0.376	0.0	0.0	-205.445	2	-1437662092.17	27.154
C2D23	simple_none	92.377	-16.0	-2.886	-0.386	0.0	0.0	-205.85	2	-1437662092.15	27.169
C2D23	simple_none	92.285	-16.0	-2.897	-0.397	0.0	0.0	-206.276	2	-1437662092.14	27.186
C2D23	simple_none	92.18	-16.0	-2.91	-0.41	0.0	0.0	-206.764	2	-1437662092.12	27.205
C2D23	simple_none	92.103	-16.0	-2.919	-0.419	0.0	0.0	-207.119	2	-1437662092.11	27.219
C2D23	simple_none	92.008	-16.0	-2.931	-0.431	0.0	0.0	-207.558	2	-1437662092.09	27.236
C2D23	simple_none	91.912	-16.0	-2.942	-0.442	0.0	0.0	-207.999	2	-1437662092.07	27.253
C2D23	simple_none	91.824	-16.0	-2.953	-0.453	0.0	0.0	-208.408	2	-1437662092.06	27.269
C2D23	simple_none	91.722	-16.0	-2.965	-0.465	0.0	0.0	-208.881	2	-1437662092.04	27.288
C2D23	simple_none	91.64	-16.0	-2.975	-0.475	0.0	0.0	-209.26	2	-1437662092.02	27.303
C2D23	simple_none	91.554	-16.0	-2.985	-0.485	0.0	0.0	-209.657	2	-1437662092.01	27.318
C2D23	simple_none	91.452	-16.0	-2.998	-0.498	0.0	0.0	-210.129	2	-1437662091.99	27.337
C2D23	simple_none	91.356	-16.0	-3.009	-0.509	0.0	0.0	-210.57	2	-1437662091.97	27.354
C2D23	simple_none	91.274	-16.0	-3.019	-0.519	0.0	0.0	-210.949	2	-1437662091.95	27.369
C2D23	simple_none	91.176	-16.0	-3.031	-0.531	0.0	0.0	-211.405	2	-1437662091.94	27.387
C2D23	simple_none	91.08	-16.0	-3.042	-0.542	0.0	0.0	-211.847	2	-1437662091.92	27.405
C2D23	simple_none	91.0	-16.0	-3.052	-0.552	0.0	0.0	-212.219	2	-1437662091.9	27.42
C2D23	simple_none	90.901	-16.0	-3.064	-0.564	0.0	0.0	-212.676	2	-1437662091.89	27.438
C2D23	simple_none	90.809	-16.0	-3.075	-0.575	0.0	0.0	-213.101	2	-1437662091.87	27.455
C2D23	simple_none	90.723	-16.0	-3.086	-0.586	0.0	0.0	-213.499	2	-1437662091.85	27.47
C2D23	simple_none	90.643	-16.0	-3.095	-0.595	0.0	0.0	-213.869	2	-1437662091.84	27.485
C2D23	simple_none	90.541	-16.0	-3.107	-0.607	0.0	0.0	-214.339	2	-1437662091.82	27.504
C2D23	simple_none	90.457	-16.0	-3.118	-0.618	0.0	0.0	-214.726	2	-1437662091.81	27.519
C2D23	simple_none	90.356	-16.0	-3.13	-0.63	0.0	0.0	-215.197	2	-1437662091.79	27.538
C2D23	simple_none	90.273	-16.0	-3.14	-0.64	0.0	0.0	-215.576	2	-1437662091.77	27.553
C2D23	simple_none	90.179	-16.0	-3.151	-0.651	0.0	0.0	-216.014	2	-1437662091.75	27.571
C2D23	simple_none	90.09	-16.0	-3.162	-0.662	0.0	0.0	-216.426	2	-1437662091.74	27.587
C2D23	simple_none	89.995	-16.0	-3.173	-0.673	0.0	0.0	-216.863	2	-1437662091.72	27.605
C2D23	simple_none	89.917	-16.0	-3.183	-0.683	0.0	0.0	-217.225	2	-1437662091.7	27.619
C2D23	simple_none	89.798	-16.0	-3.197	-0.697	0.0	0.0	-217.773	2	-1437662091.68	27.641
C2D23	simple_none	89.729	-16.0	-3.205	-0.705	0.0	0.0	-218.092	2	-1437662091.67	27.654
C2D23	simple_none	89.649	-16.0	-3.215	-0.715	0.0	0.0	-218.466	2	-1437662091.65	27.669
C2D23	simple_none	89.554	-16.0	-3.226	-0.726	0.0	0.0	-218.901	2	-1437662091.64	27.686
C2D23	simple_none	89.462	-16.0	-3.238	-0.738	0.0	0.0	-219.328	2	-1437662091.62	27.704
C2D23	simple_none	89.373	-16.0	-3.248	-0.748	0.0	0.0	-219.739	2	-1437662091.6	27.72
C2D23	simple_none	89.279	-16.0	-3.26	-0.76	0.0	0.0	-220.174	2	-1437662091.59	27.738
C2D23	simple_none	89.193	-16.0	-3.27	-0.77	0.0	0.0	-220.572	2	-1437662091.57	27.754
C2D23	simple_none	89.109	-16.0	-3.28	-0.78	0.0	0.0	-220.961	2	-1437662091.56	27.769
C2D23	simple_none	89.018	-16.0	-3.291	-0.791	0.0	0.0	-221.38	2	-1437662091.54	27.786
C2D23	simple_none	88.921	-16.0	-3.303	-0.803	0.0	0.0	-221.831	2	-1437662091.52	27.805
C2D23	simple_none	88.843	-16.0	-3.312	-0.812	0.0	0.0	-222.188	2	-1437662091.51	27.819
C2D23	simple_none	88.748	-16.0	-3.324	-0.824	0.0	0.0	-222.628	2	-1437662091.49	27.837
C2D23	simple_none	88.661	-16.0	-3.334	-0.834	0.0	0.0	-223.033	2	-1437662091.47	27.854
C2D23	simple_none	88.567	-16.0	-3.346	-0.846	0.0	0.0	-223.468	2	-1437662091.45	27.871
C2D23	simple_none	88.474	-16.0	-3.357	-0.857	0.0	0.0	-223.897	2	-1437662091.44	27.889
C2D23	simple_none	88.391	-16.0	-3.367	-0.867	0.0	0.0	-224.279	2	-1437662091.42	27.904
